x,y,t
-0.153,0.030,0.398
0.295,-0.058,-0.823
-0.170,0.039,0.465
-0.118,-0.005,0.374
-0.276,0.065,0.794
0.207,-0.049,-0.462
0.286,-0.067,-0.680
0.014,0.021,0.051
0.172,-0.040,-0.435
-0.188,0.021,0.549
0.067,0.004,-0.134
-0.135,-0.040,0.292
0.260,-0.014,-0.701
-0.083,0.021,0.151
-0.170,0.083,0.456
0.049,0.021,-0.059
-0.223,0.091,0.653
0.067,0.004,-0.154
-0.267,0.047,0.783
-0.056,0.021,0.245
0.251,-0.014,-0.713
-0.337,-0.005,0.804
0.111,-0.040,0.106
-0.144,0.083,0.457
0.075,0.004,-0.072
0.304,-0.093,-0.898
0.260,-0.058,-0.697
0.304,-0.023,-0.803
0.225,-0.032,-0.541
-0.126,-0.023,0.217
-0.267,0.065,0.792
-0.197,0.047,0.567
-0.135,0.004,0.242
0.321,-0.067,-0.791
0.032,0.004,-0.150
-0.284,0.083,0.755
-0.302,0.021,0.705
-0.126,-0.032,0.341
0.304,-0.058,-0.771
-0.162,0.065,0.455
-0.135,-0.005,0.316
-0.153,0.056,0.449
0.198,-0.040,-0.407
-0.355,0.021,0.832
-0.267,0.083,0.655
0.260,-0.084,-0.660
0.084,0.012,-0.144
0.075,0.004,-0.245
0.190,-0.032,-0.389
0.225,-0.075,-0.584
0.075,-0.014,-0.218
0.163,-0.058,-0.517
0.374,-0.075,-0.870
-0.214,0.074,0.657
0.277,-0.067,-0.700
-0.214,0.047,0.683
0.137,-0.058,-0.362
-0.170,0.056,0.557
-0.109,0.012,0.151
-0.223,0.083,0.537
0.242,-0.049,-0.581
-0.205,0.074,0.549
0.005,-0.032,0.041
-0.021,0.004,0.076
0.233,-0.014,-0.626
0.111,-0.023,-0.402
0.084,-0.023,-0.349
0.093,-0.023,-0.365
0.154,-0.014,-0.460
-0.223,0.047,0.485
0.312,-0.075,-0.704
0.216,-0.049,-0.521
-0.153,0.039,0.484
-0.205,-0.040,0.454
0.084,-0.005,-0.251
-0.109,0.021,0.268
0.286,-0.049,-0.682
-0.065,-0.049,0.131
-0.135,0.056,0.452
-0.302,0.100,0.775
-0.179,0.083,0.437
-0.188,0.056,0.555
0.146,-0.032,-0.449
0.084,-0.023,-0.305
0.023,-0.014,-0.076
0.172,-0.023,-0.482
0.102,-0.005,-0.263
0.286,-0.023,-0.806
0.067,-0.005,-0.055
0.111,0.004,-0.254
0.146,-0.032,-0.405
0.111,-0.023,-0.149
-0.223,0.091,0.613
-0.109,0.056,0.232
-0.126,0.030,0.310
0.216,-0.084,-0.471
-0.302,0.056,0.669
0.260,-0.032,-0.579
-0.241,0.074,0.662
-0.012,-0.040,-0.007
0.321,-0.058,-0.803
0.198,-0.075,-0.462
-0.188,0.065,0.455
0.163,-0.049,-0.514
0.181,-0.014,-0.517
0.251,-0.058,-0.707
0.198,-0.049,-0.537
-0.021,0.012,0.054
0.269,-0.049,-0.660
0.075,-0.023,-0.130
-0.091,-0.058,0.130
-0.258,0.039,0.641
0.084,0.012,-0.262
0.216,-0.075,-0.657
-0.188,0.083,0.434
-0.197,0.030,0.416
0.233,-0.032,-0.588
-0.047,-0.040,0.013
0.330,-0.032,-0.916
0.172,-0.040,-0.461
0.093,-0.032,-0.335
0.181,-0.023,-0.548
0.040,0.004,-0.115
-0.337,0.065,0.784
0.111,-0.014,-0.260
-0.126,0.030,0.394
-0.012,0.012,-0.035
-0.170,0.091,0.448
-0.065,0.039,0.245
-0.091,0.039,0.236
-0.311,0.021,0.760
-0.311,0.004,0.706
0.154,-0.040,-0.336
0.014,-0.005,-0.155
-0.214,0.083,0.662
0.242,-0.058,-0.546
0.040,0.004,-0.055
-0.188,0.047,0.445
-0.162,0.065,0.336
0.146,-0.014,-0.413
0.269,-0.093,-0.694
-0.083,0.012,0.199
0.067,-0.032,-0.099
0.181,-0.014,-0.370
-0.135,0.065,0.298
-0.144,-0.014,0.295
0.198,-0.005,-0.544
-0.337,0.021,0.816
-0.249,0.056,0.671
-0.188,0.056,0.488
-0.302,0.056,0.799
-0.047,-0.014,0.167
0.163,-0.023,-0.453
0.032,-0.023,-0.190
-0.083,-0.049,0.139
0.137,-0.032,-0.375
0.181,-0.023,-0.376
0.058,-0.040,-0.040
-0.021,0.030,0.000
-0.065,0.012,0.141
0.154,0.004,-0.451
0.251,-0.075,-0.693
-0.118,-0.049,0.234
-0.311,0.004,0.715
-0.302,0.047,0.651
0.102,0.004,-0.322
-0.126,0.004,0.374
0.102,-0.005,-0.152
0.102,-0.023,-0.268
-0.030,0.021,0.200
0.260,-0.058,-0.785
0.286,-0.049,-0.619
-0.118,0.021,0.391
0.058,-0.023,-0.261
-0.074,0.056,0.239
0.216,-0.040,-0.507
-0.056,0.021,0.140
-0.284,0.065,0.820
-0.047,0.004,0.097
0.163,-0.032,-0.439
-0.030,0.021,-0.004
-0.109,0.012,0.259
0.032,-0.032,-0.123
-0.004,0.012,0.052
0.216,-0.058,-0.501
0.207,-0.032,-0.601
0.233,-0.023,-0.633
0.391,-0.093,-0.914
0.119,-0.023,-0.324
-0.056,-0.040,0.028
0.365,-0.102,-0.894
0.295,-0.058,-0.666
0.005,0.021,0.048
0.277,-0.102,-0.694
0.154,-0.032,-0.402
0.154,-0.049,-0.391
-0.144,0.021,0.228
-0.293,0.109,0.753
0.348,-0.058,-0.807
-0.179,0.083,0.496
0.102,-0.014,-0.320
-0.047,0.021,0.052
0.242,-0.058,-0.743
0.128,-0.032,-0.426
0.312,-0.075,-0.760
-0.241,0.074,0.549
-0.039,0.021,0.205
-0.162,0.091,0.417
-0.188,0.039,0.614
-0.126,0.030,0.255
0.058,-0.014,-0.171
0.295,-0.084,-0.747
0.207,-0.084,-0.461
0.111,-0.058,-0.329
-0.302,0.004,0.750
0.154,-0.023,-0.359
0.225,-0.075,-0.690
0.137,-0.005,-0.418
0.233,-0.058,-0.631
0.128,-0.023,-0.341
0.190,-0.023,-0.569
0.198,-0.032,-0.569
-0.241,0.039,0.539
0.058,0.004,-0.054
-0.214,0.074,0.695
0.242,-0.058,-0.652
0.304,-0.075,-0.738
0.365,-0.049,-0.904
0.312,-0.058,-0.713
0.154,-0.014,-0.387
-0.047,0.030,0.247
-0.284,0.109,0.757
0.295,-0.075,-0.729
-0.162,0.056,0.447
-0.302,0.039,0.653
0.181,-0.032,-0.347
0.093,-0.005,-0.285
0.067,0.004,-0.058
0.190,-0.040,-0.435
0.102,-0.032,-0.283
0.023,0.021,-0.059
0.049,-0.023,-0.216
-0.284,0.056,0.732
-0.039,0.021,0.156
0.356,-0.084,-0.853
-0.162,0.083,0.443
0.216,-0.049,-0.458
-0.197,0.056,0.624
0.181,-0.032,-0.454
0.093,0.012,-0.219
-0.012,-0.005,0.004
-0.144,0.047,0.454
-0.056,-0.005,0.159
0.198,-0.023,-0.491
-0.223,0.074,0.663
-0.223,0.065,0.540
-0.170,0.030,0.418
0.111,-0.014,-0.276
-0.276,0.039,0.695
0.216,-0.040,-0.557
0.163,-0.023,-0.377
0.163,-0.032,-0.321
-0.328,0.091,0.814
0.093,-0.049,-0.322
0.277,-0.067,-0.689
0.049,0.021,-0.114
0.084,-0.005,-0.115
-0.276,0.074,0.781
0.023,-0.032,-0.029
-0.153,0.074,0.363
0.260,-0.058,-0.623
-0.144,0.056,0.328
0.260,-0.040,-0.584
0.154,-0.014,-0.364
-0.170,0.074,0.502
-0.118,0.021,0.365
0.295,-0.023,-0.783
-0.328,0.056,0.778
-0.126,0.012,0.192
-0.109,0.065,0.207
-0.170,0.074,0.561
0.269,-0.058,-0.588
-0.179,0.083,0.551
-0.091,0.030,0.162
0.040,0.012,-0.161
-0.328,0.012,0.741
0.005,0.039,0.046
-0.223,0.091,0.547
0.190,-0.023,-0.475
0.356,-0.067,-0.777
0.014,0.012,-0.098
0.040,0.021,-0.050
0.137,-0.040,-0.320
-0.302,0.004,0.701
0.119,-0.005,-0.264
-0.337,0.039,0.806
-0.170,0.091,0.436
0.216,-0.067,-0.503
0.330,-0.058,-0.732
-0.153,0.047,0.336
0.154,-0.023,-0.374
-0.179,0.074,0.440
0.032,-0.014,-0.206
-0.039,0.004,0.072
0.207,-0.023,-0.403
-0.118,0.021,0.271
-0.197,0.039,0.466
0.251,-0.049,-0.562
0.216,-0.049,-0.505
0.163,-0.040,-0.536
-0.214,0.047,0.448
0.225,-0.040,-0.611
-0.004,0.012,-0.003
0.075,-0.005,-0.248
0.119,-0.005,-0.249
-0.153,0.074,0.313
-0.188,0.065,0.554
0.216,-0.067,-0.437
0.277,-0.058,-0.627
-0.170,0.056,0.503
0.137,-0.014,-0.251
-0.293,0.056,0.821
-0.170,0.030,0.339
0.154,-0.023,-0.469
0.075,-0.032,-0.291
0.321,-0.075,-0.816
-0.328,0.047,0.822
-0.232,0.091,0.561
0.277,-0.075,-0.679
-0.258,0.083,0.757
-0.328,0.004,0.748
0.198,-0.032,-0.546
0.190,-0.067,-0.514
-0.205,-0.023,0.439
-0.302,0.012,0.714
-0.083,0.021,0.092
0.102,-0.040,-0.370
-0.276,0.047,0.691
-0.293,0.109,0.740
0.119,-0.058,-0.250
0.304,-0.067,-0.690
-0.197,0.056,0.494
0.128,-0.014,-0.385
0.102,-0.005,-0.249
-0.100,0.030,0.334
0.277,-0.102,-0.685
0.032,0.030,-0.039
0.084,0.021,-0.123
0.058,-0.067,-0.212
-0.232,0.100,0.651
-0.205,0.030,0.445
0.163,-0.040,-0.347
0.154,-0.067,-0.486
0.014,0.030,0.046
0.119,-0.032,-0.202
0.111,-0.014,-0.331
-0.056,-0.058,0.013
0.102,-0.023,-0.338
0.154,-0.014,-0.429
0.084,-0.049,-0.299
-0.135,0.030,0.412
-0.302,-0.014,0.702
-0.276,0.047,0.705
0.295,-0.084,-0.699
0.014,0.021,-0.113
-0.320,0.056,0.710
-0.162,0.039,0.513
0.242,-0.075,-0.643
0.198,-0.058,-0.644
0.084,-0.014,-0.281
-0.091,0.030,0.228
-0.223,0.074,0.542
-0.197,0.047,0.472
0.128,-0.040,-0.353
0.111,-0.005,-0.162
-0.214,-0.032,0.428
-0.258,0.065,0.673
0.049,0.021,-0.048
-0.144,0.012,0.390
0.207,-0.040,-0.534
-0.302,0.091,0.810
-0.293,0.074,0.748
0.198,-0.032,-0.591
-0.056,0.021,0.056
-0.328,-0.005,0.731
-0.170,0.083,0.440
0.295,-0.058,-0.750
0.040,0.004,0.045
0.146,-0.049,-0.462
0.137,-0.058,-0.414
-0.311,0.083,0.808
-0.162,0.056,0.458
-0.284,0.091,0.729
-0.311,-0.014,0.711
0.040,-0.023,-0.208
-0.179,0.056,0.445
-0.074,0.030,0.298
-0.091,0.030,0.241
-0.337,0.012,0.746
-0.153,0.065,0.404
-0.320,0.056,0.832
-0.214,0.047,0.575
-0.091,-0.049,0.117
0.233,-0.049,-0.547
-0.197,-0.023,0.443
-0.135,0.047,0.471
0.312,-0.084,-0.804
-0.012,0.021,-0.054
-0.197,0.056,0.564
0.093,-0.014,-0.203
-0.170,0.083,0.399
0.207,-0.049,-0.567
-0.144,0.004,0.251
0.163,-0.040,-0.445
0.409,-0.075,-0.909
0.260,-0.058,-0.600
0.128,-0.040,-0.444
0.356,-0.084,-0.903
0.269,-0.058,-0.707
-0.232,0.039,0.583
-0.179,0.074,0.402
-0.188,0.091,0.548
0.093,-0.005,-0.307
-0.039,0.021,0.143
-0.179,0.065,0.552
-0.293,0.100,0.758
-0.258,0.039,0.615
-0.188,0.047,0.459
0.172,-0.023,-0.515
0.058,0.004,-0.141
-0.170,0.056,0.466
-0.056,0.039,0.247
0.233,-0.032,-0.498
0.181,-0.023,-0.386
0.093,0.012,-0.149
-0.346,0.004,0.733
0.111,0.012,-0.156
0.242,-0.075,-0.586
-0.258,0.056,0.659
-0.074,0.021,0.246
-0.284,0.091,0.711
-0.109,0.012,0.333
0.084,-0.005,-0.092
0.119,-0.014,-0.261
-0.021,-0.014,0.068
0.251,-0.058,-0.586
-0.214,0.083,0.545
-0.188,0.074,0.551
0.172,-0.032,-0.301
0.154,-0.032,-0.512
-0.074,0.021,0.061
0.005,0.030,0.039
0.093,-0.014,-0.241
0.216,-0.014,-0.598
-0.249,0.039,0.709
-0.109,0.021,0.332
-0.126,0.039,0.347
0.277,-0.058,-0.585
0.269,-0.040,-0.653
-0.205,0.030,0.507
0.040,0.004,-0.159
0.128,0.004,-0.403
0.198,-0.067,-0.636
0.119,-0.032,-0.326
-0.214,0.065,0.605
0.304,-0.075,-0.806
0.225,-0.058,-0.518
-0.346,0.030,0.834
-0.135,0.074,0.336
0.119,-0.005,-0.366
0.198,-0.032,-0.360
-0.118,0.030,0.389
-0.144,-0.005,0.455
-0.004,-0.014,0.059
0.075,0.012,-0.256
-0.153,0.065,0.461
0.119,0.004,-0.361
0.172,-0.014,-0.498
-0.021,0.004,0.034
0.093,0.004,-0.155
-0.126,-0.049,0.221
-0.144,0.039,0.355
-0.144,0.012,0.233
-0.118,-0.040,0.221
-0.179,0.021,0.427
-0.320,0.021,0.813
0.312,-0.032,-0.809
-0.056,-0.049,0.011
-0.302,0.083,0.765
-0.021,0.021,0.110
-0.126,-0.023,0.342
0.146,-0.049,-0.382
-0.135,0.012,0.212
0.137,-0.023,-0.258
-0.320,0.021,0.798
0.137,-0.014,-0.228
0.190,-0.023,-0.103
-0.223,0.056,0.574
-0.276,0.083,0.650
-0.276,0.091,0.643
-0.302,0.074,0.750
-0.083,-0.049,0.122
-0.100,-0.005,0.266
-0.179,0.083,0.460
-0.083,0.012,0.096
-0.135,0.021,0.419
0.058,-0.014,-0.260
0.040,0.012,-0.043
-0.030,0.012,-0.001
-0.284,0.039,0.610
0.154,-0.049,-0.512
0.207,-0.005,-0.543
0.233,-0.058,-0.554
-0.162,-0.040,0.391
-0.197,0.074,0.559
0.216,-0.023,-0.532
-0.004,-0.005,0.054
-0.100,-0.040,0.127
0.172,-0.040,-0.558
0.102,-0.023,-0.294
0.225,-0.067,-0.705
0.233,-0.040,-0.608
0.119,-0.014,-0.345
-0.249,0.047,0.655
0.128,-0.014,-0.368
-0.153,0.074,0.456
0.137,-0.023,-0.340
0.348,-0.093,-0.803
0.207,-0.005,-0.280
-0.284,0.047,0.746
0.084,0.004,-0.104
-0.205,0.056,0.454
-0.126,-0.023,0.379
0.084,-0.023,-0.220
-0.144,0.056,0.346
-0.144,0.030,0.477
0.014,0.004,-0.063
-0.258,0.039,0.663
-0.083,0.012,0.344
0.225,-0.049,-0.496
-0.126,-0.040,0.231
-0.021,0.039,0.146
0.014,-0.014,-0.142
-0.126,0.030,0.353
0.216,-0.058,-0.671
0.321,-0.084,-0.795
-0.074,0.056,0.252
0.269,-0.040,-0.582
0.084,-0.032,-0.120
0.154,-0.023,-0.440
0.251,-0.058,-0.665
-0.083,0.012,0.180
-0.047,-0.049,0.027
-0.302,0.047,0.776
-0.205,0.100,0.552
0.374,-0.084,-0.905
0.119,0.004,-0.156
0.207,-0.023,-0.587
0.023,-0.023,-0.167
0.005,-0.032,-0.083
0.251,-0.075,-0.667
-0.267,0.056,0.686
0.093,0.012,-0.255
0.058,-0.023,-0.213
-0.188,0.065,0.586
-0.047,-0.058,0.032
-0.170,0.065,0.554
0.154,-0.032,-0.465
0.207,-0.058,-0.659
0.032,-0.014,-0.085
0.339,-0.084,-0.801
0.330,-0.040,-0.905
-0.170,0.021,0.334
-0.293,0.030,0.665
-0.083,0.030,0.159
-0.293,0.074,0.763
-0.188,0.056,0.451
0.207,-0.040,-0.460
0.383,-0.075,-0.879
0.111,-0.049,-0.357
0.032,0.004,0.047
-0.179,0.065,0.567
-0.065,0.021,0.074
-0.205,0.030,0.527
0.242,-0.067,-0.559
0.339,-0.067,-0.861
-0.179,0.065,0.503
-0.197,0.047,0.425
0.102,-0.005,-0.313
0.277,-0.093,-0.683
-0.039,-0.005,0.016
0.225,-0.023,-0.602
0.040,-0.040,-0.034
-0.118,-0.014,0.247
-0.197,0.047,0.627
-0.091,0.012,0.272
0.032,0.021,-0.048
-0.197,0.056,0.594
-0.126,0.047,0.346
-0.162,0.021,0.399
-0.293,0.056,0.756
0.040,0.004,-0.139
0.242,-0.040,-0.604
0.198,-0.058,-0.514
-0.170,0.091,0.421
-0.012,0.030,0.053
0.172,-0.032,-0.449
-0.047,0.004,0.018
0.111,0.012,-0.215
0.040,0.030,-0.047
-0.205,0.065,0.545
-0.047,0.021,0.250
0.286,-0.058,-0.700
-0.214,0.091,0.663
0.075,-0.023,-0.214
-0.197,0.065,0.551
-0.179,0.039,0.402
-0.126,0.012,0.351
-0.258,0.047,0.723
-0.162,0.091,0.441
0.251,-0.040,-0.580
0.172,-0.014,-0.362
0.242,-0.023,-0.660
0.304,-0.075,-0.821
0.005,0.021,-0.088
0.251,-0.093,-0.585
-0.241,0.056,0.554
0.365,-0.111,-0.896
-0.126,-0.023,0.353
-0.337,0.074,0.798
0.251,-0.093,-0.572
0.339,-0.067,-0.750
-0.223,0.083,0.668
0.190,-0.023,-0.537
-0.249,0.083,0.617
-0.258,0.065,0.648
0.216,-0.023,-0.589
0.102,-0.014,-0.256
-0.100,0.021,0.248
0.312,-0.075,-0.730
0.321,-0.067,-0.828
-0.118,-0.014,0.368
-0.302,0.065,0.743
0.365,-0.093,-0.906
0.005,-0.014,-0.038
-0.126,-0.023,0.634
0.058,0.012,-0.147
0.023,0.012,0.043
0.216,-0.058,-0.529
0.233,-0.067,-0.744
0.014,-0.014,-0.052
0.216,-0.032,-0.489
0.225,-0.075,-0.569
-0.188,0.083,0.564
-0.083,0.004,0.188
0.260,-0.049,-0.595
-0.162,0.047,0.454
0.312,-0.067,-0.820
0.181,-0.049,-0.562
-0.267,0.065,0.646
-0.074,0.030,0.096
-0.276,0.091,0.772
0.242,-0.084,-0.575
0.198,-0.040,-0.571
0.111,-0.032,-0.409
-0.039,0.030,0.007
-0.004,0.012,-0.047
0.216,-0.067,-0.471
-0.012,0.004,0.046
-0.205,0.047,0.435
-0.039,-0.049,0.033
0.225,-0.049,-0.536
-0.284,0.065,0.742
-0.302,0.039,0.837
0.119,-0.040,-0.324
-0.074,0.039,0.253
0.137,-0.014,-0.410
-0.232,0.074,0.669
0.190,-0.067,-0.451
-0.179,0.039,0.453
-0.197,0.091,0.553
0.032,-0.005,-0.192
-0.100,0.047,0.237
-0.030,0.030,0.130
-0.293,0.056,0.794
-0.197,0.065,0.561
0.242,-0.040,-0.583
-0.083,0.039,0.254
-0.249,0.091,0.700
0.233,-0.067,-0.726
0.005,0.004,0.046
-0.135,-0.005,0.293
-0.328,0.083,0.808
-0.214,0.074,0.543
0.084,-0.032,-0.224
0.075,-0.014,-0.312
0.286,-0.075,-0.675
0.067,0.012,-0.164
-0.197,0.039,0.629
0.040,-0.005,-0.051
-0.162,0.083,0.401
0.400,-0.093,-0.907
0.023,0.030,-0.053
-0.170,0.074,0.446
-0.311,0.047,0.693
-0.179,0.065,0.489
0.365,-0.084,-0.883
-0.162,0.065,0.488
-0.135,-0.005,0.341
0.233,-0.040,-0.481
0.242,-0.040,-0.594
-0.197,0.030,0.488
-0.320,0.004,0.732
0.251,-0.040,-0.524
0.102,-0.014,-0.348
-0.118,0.012,0.273
-0.162,0.056,0.354
-0.223,0.047,0.458
0.330,-0.067,-0.846
0.365,-0.067,-0.793
0.093,0.004,-0.110
0.093,-0.014,-0.299
0.269,-0.067,-0.736
0.023,0.021,-0.128
0.111,0.004,-0.263
0.067,0.012,-0.054
-0.241,0.083,0.665
-0.083,0.039,0.244
0.190,-0.023,-0.380
0.084,-0.014,-0.073
-0.293,0.012,0.700
-0.302,0.030,0.800
-0.302,0.004,0.723
-0.135,0.039,0.515
-0.390,0.004,0.835
0.032,0.004,-0.122
0.128,-0.049,-0.437
0.111,-0.014,-0.177
-0.021,-0.058,0.150
0.207,-0.014,-0.400
0.146,-0.067,-0.430
-0.197,0.056,0.665
0.137,-0.049,-0.461
-0.162,0.083,0.458
0.067,-0.005,-0.142
-0.188,0.091,0.596
0.304,-0.023,-0.836
0.093,-0.014,-0.230
-0.047,0.021,0.137
0.277,-0.023,-0.740
0.111,-0.040,-0.396
0.032,0.004,-0.101
0.190,-0.058,-0.619
-0.074,0.012,0.076
-0.109,0.030,0.377
-0.249,0.100,0.702
-0.047,0.012,0.101
0.084,-0.040,-0.329
-0.004,0.004,-0.010
0.181,-0.032,-0.535
0.181,-0.058,-0.472
0.093,-0.005,-0.145
-0.030,0.030,-0.010
-0.144,0.030,0.429
-0.012,0.012,0.041
0.207,-0.032,-0.413
-0.337,0.047,0.755
0.242,-0.093,-0.587
-0.118,-0.023,0.307
0.225,-0.049,-0.604
-0.091,0.012,0.226
-0.179,0.047,0.461
-0.065,0.047,0.250
-0.320,0.012,0.730
0.111,-0.005,-0.355
-0.153,0.030,0.371
0.014,-0.023,-0.138
-0.162,0.065,0.557
0.330,-0.084,-0.876
0.286,-0.084,-0.695
0.233,-0.058,-0.566
-0.004,0.030,0.048
-0.293,0.039,0.801
0.330,-0.075,-0.868
-0.039,-0.023,0.159
-0.188,0.065,0.433
-0.056,0.030,0.254
0.119,-0.014,-0.187
-0.162,0.047,0.470
-0.241,-0.014,0.545
0.269,-0.084,-0.732
0.225,-0.040,-0.487
0.111,-0.023,-0.354
0.312,-0.067,-0.731
0.312,-0.058,-0.790
0.128,-0.032,-0.226
0.040,-0.014,-0.031
0.339,-0.084,-0.912
0.277,-0.067,-0.662
0.111,-0.032,-0.309
0.391,-0.084,-0.909
0.295,-0.075,-0.701
-0.258,0.074,0.761
-0.135,0.047,0.461
0.119,-0.040,-0.419
-0.144,-0.005,0.297
-0.153,0.065,0.447
0.137,-0.040,-0.429
-0.241,0.056,0.673
0.269,-0.058,-0.686
-0.276,0.039,0.807
0.032,0.012,-0.057
-0.241,-0.005,0.532
0.137,0.004,-0.421
0.049,-0.005,-0.052
-0.363,0.004,0.833
0.102,-0.023,-0.378
-0.205,-0.032,0.495
-0.258,0.091,0.702
-0.197,-0.032,0.450
-0.372,-0.005,0.838
0.260,-0.049,-0.659
0.198,-0.040,-0.527
-0.153,0.047,0.490
0.233,-0.049,-0.617
-0.328,0.021,0.811
0.207,-0.067,-0.673
-0.214,0.074,0.559
-0.126,0.039,0.412
-0.346,-0.005,0.807
0.348,-0.084,-0.841
-0.065,0.021,0.058
-0.188,0.074,0.560
0.084,0.004,-0.272
0.137,-0.049,-0.324
0.304,-0.032,-0.799
0.260,-0.067,-0.810
-0.170,0.056,0.443
0.233,-0.049,-0.593
-0.074,0.021,0.102
0.049,-0.032,-0.033
0.286,-0.067,-0.731
0.365,-0.093,-0.891
0.032,-0.040,-0.032
0.075,-0.014,-0.250
0.198,-0.023,-0.382
0.260,-0.049,-0.585
0.198,-0.014,-0.557
0.277,-0.075,-0.745
-0.249,0.074,0.652
-0.100,-0.005,0.275
-0.205,0.065,0.570
-0.135,-0.040,0.218
0.111,-0.023,-0.312
0.383,-0.093,-0.904
0.277,-0.058,-0.649
0.137,-0.032,-0.470
-0.065,0.004,0.067
-0.109,0.039,0.358
0.181,-0.023,-0.365
-0.293,0.083,0.776
0.146,-0.058,-0.363
0.286,-0.049,-0.707
-0.249,0.065,0.620
-0.293,0.047,0.744
-0.004,0.030,0.144
-0.109,0.004,0.153
-0.004,0.021,-0.061
0.251,-0.032,-0.535
0.295,-0.023,-0.815
0.163,-0.023,-0.486
0.207,-0.023,-0.570
0.146,-0.040,-0.483
-0.205,0.083,0.558
-0.223,0.056,0.555
0.067,0.021,-0.197
-0.179,0.065,0.403
-0.179,0.056,0.565
-0.091,0.021,0.281
0.251,-0.014,-0.672
-0.021,-0.058,-0.086
0.339,-0.067,-0.809
0.207,-0.040,-0.492
0.233,-0.093,-0.566
0.075,0.004,-0.263
-0.109,0.021,0.386
-0.320,-0.014,0.716
0.049,0.004,-0.193
-0.188,0.047,0.413
-0.135,0.030,0.440
-0.223,0.083,0.555
-0.328,0.047,0.838
-0.311,0.047,0.753
0.304,-0.093,-0.727
0.269,-0.049,-0.606
0.330,-0.058,-0.814
0.058,0.021,-0.152
0.365,-0.075,-0.898
0.216,-0.032,-0.580
-0.004,-0.005,-0.086
0.374,-0.111,-0.900
-0.162,0.030,0.409
0.014,0.012,-0.066
0.163,-0.032,-0.480
-0.284,0.109,0.745
-0.153,0.056,0.345
-0.284,0.091,0.753
0.233,-0.049,-0.577
-0.065,-0.049,0.014
0.023,0.004,-0.058
-0.179,0.030,0.405
0.277,-0.084,-0.843
-0.249,-0.032,0.546
-0.100,0.039,0.351
0.119,-0.058,-0.337
0.190,-0.032,-0.578
0.312,-0.075,-0.792
0.163,-0.040,-0.506
0.163,-0.049,-0.533
-0.056,0.004,0.122
-0.144,0.004,0.369
-0.205,0.065,0.590
-0.205,0.039,0.414
0.058,-0.005,-0.221
0.304,-0.067,-0.769
0.321,-0.075,-0.856
-0.162,0.074,0.399
-0.021,0.021,0.143
0.374,-0.111,-0.914
-0.197,0.065,0.447
0.225,-0.049,-0.657
-0.047,0.030,0.219
-0.162,0.065,0.498
0.058,0.021,-0.162
0.049,-0.005,-0.151
0.312,-0.075,-0.838
-0.074,0.021,0.290
-0.162,0.074,0.451
-0.135,0.004,0.378
0.014,0.021,-0.067
-0.372,0.004,0.835
0.163,-0.032,-0.381
-0.153,0.065,0.332
0.233,-0.049,-0.640
-0.276,0.091,0.752
0.014,0.021,-0.048
0.207,-0.014,-0.490
0.277,-0.058,-0.595
0.023,0.012,-0.130
-0.012,-0.040,-0.019
0.093,-0.032,-0.226
-0.012,0.021,0.058
-0.170,0.021,0.361
-0.179,0.021,0.447
-0.320,0.047,0.703
0.207,-0.023,-0.493
-0.302,0.100,0.743
-0.004,-0.005,-0.028
0.075,-0.023,-0.299
-0.162,0.021,0.325
0.146,-0.014,-0.357
0.032,0.012,-0.149
-0.065,0.030,0.247
-0.135,0.021,0.337
-0.126,-0.005,0.367
-0.162,0.030,0.467
-0.153,0.030,0.480
0.339,-0.040,-0.891
0.154,-0.005,-0.454
-0.223,0.065,0.671
-0.074,0.030,0.117
-0.135,-0.014,0.339
0.277,-0.049,-0.711
0.154,-0.023,-0.177
0.119,-0.005,-0.128
-0.214,0.065,0.558
0.119,-0.005,-0.301
0.154,-0.032,-0.424
0.225,-0.058,-0.698
0.181,-0.014,-0.379
-0.021,0.030,0.148
-0.267,0.056,0.800
0.137,-0.023,-0.306
-0.197,-0.023,0.430
-0.118,0.021,0.180
0.216,-0.049,-0.590
-0.197,0.083,0.555
0.304,-0.084,-0.770
0.181,-0.058,-0.500
0.146,-0.023,-0.427
0.216,-0.032,-0.544
-0.179,-0.040,0.324
0.067,-0.023,-0.062
-0.118,0.039,0.384
0.084,-0.005,-0.153
0.260,-0.014,-0.725
0.058,-0.023,-0.189
-0.056,0.030,0.138
0.330,-0.032,-0.847
-0.179,0.030,0.356
0.163,-0.067,-0.353
0.383,-0.111,-0.906
0.146,-0.040,-0.403
0.312,-0.084,-0.742
0.374,-0.084,-0.876
-0.258,0.091,0.644
-0.284,0.047,0.803
0.102,-0.005,-0.239
-0.258,0.091,0.616
-0.188,0.065,0.492
-0.126,-0.032,0.319
-0.012,0.039,0.036
-0.337,0.083,0.815
0.067,0.004,-0.173
0.075,-0.005,-0.076
-0.126,0.021,0.362
-0.004,-0.005,-0.011
0.190,-0.067,-0.475
0.198,-0.032,-0.502
0.207,-0.067,-0.555
-0.284,0.047,0.829
-0.258,0.056,0.777
-0.126,-0.023,0.233
0.119,-0.049,-0.338
-0.135,-0.023,0.222
-0.267,0.083,0.766
0.260,-0.067,-0.703
0.084,-0.049,-0.140
-0.091,0.030,0.254
0.233,-0.093,-0.582
0.312,-0.084,-0.654
0.295,-0.058,-0.692
-0.267,0.047,0.678
-0.276,0.100,0.765
0.111,-0.005,-0.311
0.172,-0.049,-0.466
0.286,-0.093,-0.678
0.075,-0.005,-0.268
-0.205,0.030,0.422
-0.100,0.004,0.134
-0.135,0.047,0.357
0.321,-0.075,-0.807
0.330,-0.084,-0.806
0.058,0.004,-0.162
-0.100,0.047,0.349
-0.232,0.039,0.497
0.119,-0.014,-0.247
-0.214,0.039,0.474
-0.065,0.021,0.156
0.084,0.004,-0.157
0.084,-0.058,-0.294
-0.179,0.074,0.574
0.233,-0.040,-0.599
0.233,-0.067,-0.570
0.084,-0.032,-0.318
0.225,-0.040,-0.503
-0.091,0.021,0.116
0.295,-0.102,-0.687
-0.100,0.030,0.393
-0.135,0.065,0.338
-0.179,-0.040,0.395
-0.302,0.021,0.802
-0.100,0.030,0.253
0.005,0.021,-0.054
0.172,-0.067,-0.355
-0.021,0.004,0.018
0.286,-0.084,-0.680
0.014,-0.032,-0.039
-0.179,0.056,0.454
-0.311,-0.005,0.704
-0.320,-0.005,0.718
-0.293,0.047,0.767
-0.091,0.039,0.251
-0.109,0.039,0.395
-0.153,0.012,0.263
0.216,-0.032,-0.389
-0.065,0.012,0.091
0.242,-0.075,-0.566
-0.205,0.039,0.519
0.233,-0.040,-0.513
0.005,0.004,-0.006
0.005,-0.005,0.029
0.023,-0.014,-0.125
0.075,-0.005,-0.196
0.225,-0.067,-0.724
0.233,-0.014,-0.550
-0.223,0.047,0.704
0.198,-0.067,-0.537
0.286,-0.058,-0.810
0.383,-0.084,-0.914
0.374,-0.093,-0.909
0.146,-0.040,-0.376
-0.241,0.039,0.626
0.058,0.021,-0.050
-0.135,0.030,0.382
0.154,-0.058,-0.495
-0.091,0.039,0.358
0.172,-0.014,-0.377
0.014,0.039,0.039
-0.100,0.012,0.233
-0.328,0.056,0.740
-0.153,0.056,0.463
0.181,-0.040,-0.581
-0.320,0.039,0.816
-0.091,-0.040,0.120
-0.214,-0.032,0.497
0.225,-0.049,-0.517
0.251,-0.032,-0.599
-0.162,0.039,0.456
0.198,-0.023,-0.479
0.260,-0.032,-0.595
-0.039,0.004,-0.002
-0.223,0.065,0.553
-0.311,0.056,0.815
-0.100,0.012,0.305
-0.144,0.074,0.460
0.075,0.004,-0.146
-0.249,0.056,0.698
0.163,-0.032,-0.421
-0.135,-0.014,0.287
-0.320,0.039,0.755
-0.293,-0.005,0.703
0.233,-0.075,-0.587
-0.118,-0.032,0.219
0.286,-0.023,-0.753
-0.153,0.065,0.323
-0.223,0.065,0.592
0.260,-0.075,-0.696
-0.144,0.065,0.403
-0.126,0.039,0.325
0.163,-0.005,-0.472
0.312,-0.067,-0.702
0.102,0.004,-0.153
0.172,-0.032,-0.505
0.172,-0.049,-0.356
0.312,-0.084,-0.829
0.260,-0.067,-0.652
0.251,-0.040,-0.595
0.172,-0.058,-0.533
0.111,-0.014,-0.292
0.040,-0.005,0.028
-0.091,-0.058,0.119
-0.311,0.074,0.776
-0.205,0.039,0.652
-0.214,0.056,0.563
-0.153,0.056,0.407
-0.021,0.012,0.120
0.198,-0.084,-0.470
0.084,0.004,-0.138
-0.223,0.065,0.659
-0.065,0.021,0.233
-0.311,0.047,0.785
-0.293,0.039,0.631
0.251,-0.049,-0.582
0.093,-0.005,-0.260
0.277,-0.023,-0.779
-0.223,0.056,0.502
-0.074,0.021,0.174
0.084,-0.023,-0.328
-0.381,0.012,0.837
0.093,0.004,-0.211
-0.100,0.047,0.362
0.277,-0.075,-0.857
0.128,-0.014,-0.208
-0.030,-0.014,0.060
0.023,-0.005,-0.051
-0.012,0.012,0.106
0.216,-0.040,-0.546
-0.205,-0.040,0.433
-0.241,-0.023,0.543
0.119,-0.040,-0.226
-0.372,0.012,0.832
0.321,-0.075,-0.789
-0.047,0.030,0.181
-0.065,0.012,0.054
0.233,-0.075,-0.639
0.304,-0.075,-0.697
-0.030,0.012,0.136
0.111,-0.032,-0.214
0.146,-0.040,-0.498
-0.074,0.056,0.230
-0.241,0.056,0.638
0.067,-0.040,-0.279
0.058,0.004,-0.197
0.207,-0.075,-0.474
-0.135,0.021,0.209
-0.214,0.065,0.489
0.207,-0.032,-0.474
-0.223,0.056,0.542
-0.276,0.100,0.751
-0.056,0.030,0.156
0.102,0.004,-0.265
-0.311,0.047,0.799
0.102,-0.049,-0.249
-0.223,0.065,0.573
0.242,-0.049,-0.630
0.260,-0.084,-0.582
0.163,-0.058,-0.361
0.207,-0.023,-0.477
0.269,-0.058,-0.721
0.067,-0.049,-0.207
-0.135,-0.014,0.351
-0.118,-0.014,0.219
0.260,-0.058,-0.711
0.242,-0.084,-0.588
-0.144,0.004,0.387
-0.126,0.012,0.310
-0.302,0.083,0.747
0.049,0.004,-0.154
-0.153,0.021,0.252
0.163,-0.023,-0.422
0.023,-0.005,-0.077
0.111,-0.067,-0.325
-0.118,0.047,0.356
0.207,-0.049,-0.493
0.365,-0.058,-0.881
0.023,0.012,-0.046
-0.223,0.039,0.557
-0.355,0.012,0.834
-0.293,0.012,0.713
-0.179,0.083,0.420
0.084,0.012,-0.053
0.233,-0.075,-0.741
0.225,-0.040,-0.589
-0.276,0.047,0.823
-0.056,-0.005,0.068
-0.030,0.012,0.040
0.225,-0.032,-0.478
-0.153,0.021,0.384
-0.241,0.074,0.674
-0.135,-0.014,0.308
-0.100,0.030,0.354
0.163,-0.049,-0.424
0.251,-0.023,-0.594
0.119,0.004,-0.247
-0.205,0.065,0.475
0.356,-0.102,-0.896
-0.065,0.039,0.181
0.225,-0.058,-0.602
0.216,-0.049,-0.560
-0.214,0.047,0.559
0.102,-0.032,-0.357
0.216,-0.049,-0.610
-0.205,0.056,0.565
0.269,-0.058,-0.636
-0.004,0.021,0.041
-0.320,0.004,0.757
-0.144,0.083,0.446
-0.144,0.021,0.428
-0.021,0.012,-0.018
0.111,-0.040,-0.361
0.339,-0.032,-0.869
0.225,-0.049,-0.485
0.067,-0.032,-0.286
-0.179,0.056,0.521
0.093,-0.040,-0.347
-0.179,-0.040,0.336
-0.179,0.047,0.442
0.023,-0.005,-0.182
0.233,-0.058,-0.731
-0.372,0.021,0.836
0.014,0.039,0.048
-0.249,0.091,0.649
-0.214,0.065,0.542
-0.039,0.039,0.140
-0.039,0.012,0.075
0.383,-0.102,-0.916
-0.109,0.039,0.284
-0.232,0.065,0.676
0.260,-0.093,-0.575
-0.153,0.047,0.389
0.102,-0.067,-0.323
0.304,-0.058,-0.699
0.339,-0.075,-0.869
-0.144,0.074,0.335
-0.179,0.021,0.359
0.075,-0.023,-0.317
0.330,-0.075,-0.809
-0.328,0.047,0.747
-0.311,0.021,0.731
-0.047,0.030,0.035
0.233,-0.075,-0.573
-0.012,0.021,0.150
0.032,-0.005,-0.096
0.023,-0.032,-0.155
0.225,-0.023,-0.619
-0.126,0.039,0.360
-0.047,0.012,0.146
-0.047,-0.040,0.030
-0.267,0.074,0.759
0.040,-0.014,-0.132
0.207,-0.032,-0.490
0.286,-0.058,-0.648
-0.144,0.056,0.458
0.172,-0.040,-0.528
0.049,-0.014,-0.127
-0.337,0.012,0.815
-0.214,0.091,0.553
-0.241,-0.005,0.551
-0.162,0.074,0.414
0.304,-0.049,-0.685
0.146,-0.023,-0.456
-0.276,0.056,0.642
-0.328,0.012,0.804
0.286,-0.075,-0.694
-0.056,0.021,0.128
0.163,-0.067,-0.493
-0.144,0.039,0.464
-0.065,0.030,0.108
0.304,-0.102,-0.684
-0.074,0.039,0.120
0.339,-0.102,-0.890
0.277,-0.067,-0.758
-0.144,0.074,0.307
-0.241,0.056,0.662
-0.188,0.039,0.387
0.312,-0.032,-0.871
-0.188,0.030,0.472
0.005,0.012,-0.022
0.198,-0.032,-0.401
-0.188,0.074,0.436
0.172,-0.049,-0.506
-0.258,0.074,0.644
-0.065,0.021,0.516
0.198,-0.067,-0.473
-0.162,-0.040,0.327
0.190,-0.075,-0.457
-0.197,0.030,0.396
-0.170,0.074,0.436
-0.056,0.012,0.133
0.128,-0.032,-0.451
0.032,-0.014,-0.184
0.295,-0.049,-0.650
-0.135,0.021,0.391
-0.337,-0.005,0.747
0.190,-0.014,-0.376
0.356,-0.067,-0.894
-0.135,0.056,0.503
-0.091,0.012,0.136
0.049,-0.014,-0.240
0.242,-0.067,-0.760
0.269,-0.058,-0.622
0.040,0.004,-0.046
-0.346,0.004,0.742
-0.083,0.039,0.132
-0.223,0.083,0.611
-0.109,0.030,0.218
0.023,0.012,-0.063
0.216,-0.067,-0.586
-0.197,0.021,0.402
-0.047,0.021,0.151
-0.311,-0.005,0.719
0.146,-0.014,-0.261
-0.241,-0.014,0.530
0.067,-0.023,-0.188
-0.047,-0.005,0.028
-0.135,-0.005,0.390
-0.223,0.083,0.655
-0.258,0.047,0.666
-0.328,0.065,0.794
-0.126,0.021,0.386
-0.170,0.056,0.568
-0.021,0.004,-0.026
-0.293,0.047,0.626
-0.284,0.056,0.671
0.093,-0.014,-0.344
-0.153,0.083,0.423
0.488,0.004,-0.836
-0.091,0.012,0.204
-0.311,0.074,0.838
0.277,-0.049,-0.610
-0.047,0.012,0.048
-0.083,0.030,0.123
-0.144,0.021,0.368
-0.205,0.047,0.464
-0.162,-0.040,0.339
-0.118,0.030,0.364
0.049,-0.005,-0.198
-0.381,0.004,0.832
-0.320,0.100,0.815
0.154,-0.014,-0.375
-0.302,0.091,0.831
0.198,-0.058,-0.454
-0.293,0.065,0.829
-0.205,0.065,0.600
-0.162,0.083,0.421
-0.328,0.012,0.751
-0.188,0.074,0.449
-0.135,0.074,0.459
-0.118,0.021,0.344
-0.170,0.083,0.493
-0.293,0.056,0.770
-0.284,0.039,0.795
-0.135,0.039,0.269
0.225,-0.023,-0.561
0.093,-0.005,-0.118
0.304,-0.058,-0.686
-0.144,0.030,0.348
0.216,-0.075,-0.463
0.014,-0.005,-0.059
-0.311,0.039,0.683
-0.205,0.021,0.431
-0.188,0.056,0.441
-0.205,0.056,0.553
0.233,-0.023,-0.421
0.146,-0.023,-0.379
-0.302,0.030,0.710
0.111,-0.032,-0.394
0.005,-0.005,-0.051
0.242,-0.075,-0.751
-0.223,0.074,0.551
-0.276,0.083,0.764
-0.293,0.021,0.701
0.032,0.004,-0.054
-0.311,0.056,0.790
0.067,-0.058,-0.216
0.304,-0.058,-0.759
-0.039,0.030,0.150
-0.346,-0.005,0.739
-0.126,0.030,0.216
0.049,0.012,-0.146
-0.118,-0.040,0.235
-0.030,0.030,0.031
-0.047,-0.049,0.358
0.181,-0.058,-0.450
-0.214,0.039,0.438
0.023,0.004,-0.041
-0.144,0.065,0.451
0.374,-0.102,-0.905
0.233,-0.032,-0.557
0.067,-0.014,-0.207
-0.302,0.047,0.832
0.207,-0.084,-0.472
0.216,-0.014,-0.411
-0.241,0.083,0.653
-0.162,0.091,0.452
-0.170,0.065,0.564
-0.188,0.047,0.618
0.023,-0.023,-0.041
0.102,-0.032,-0.380
-0.162,0.074,0.491
0.067,0.004,-0.220
0.304,-0.032,-0.841
0.128,-0.023,-0.170
0.233,-0.084,-0.564
0.084,-0.023,-0.253
0.304,-0.067,-0.727
-0.126,-0.014,0.305
0.040,-0.005,-0.219
0.093,0.012,-0.134
0.040,0.012,-0.058
-0.153,0.047,0.349
0.137,-0.040,-0.472
0.198,-0.040,-0.449
-0.162,-0.032,0.325
-0.293,0.091,0.764
-0.241,0.065,0.656
-0.170,0.074,0.422
-0.232,0.056,0.556
-0.074,0.004,0.174
0.040,-0.014,-0.224
0.111,-0.040,-0.306
-0.293,0.056,0.730
0.242,-0.040,-0.534
-0.083,0.030,0.221
-0.056,0.004,0.040
-0.170,0.047,0.451
0.137,0.004,0.004
0.014,0.004,0.049
0.067,-0.023,-0.295
0.014,0.012,-0.056
0.233,-0.075,-0.560
0.102,-0.040,-0.208
0.032,0.021,-0.062
-0.056,0.021,0.231
-0.179,0.047,0.423
-0.118,0.030,0.212
0.023,0.004,-0.119
0.146,-0.005,-0.441
-0.162,0.065,0.444
0.295,-0.075,-0.777
-0.214,0.056,0.545
-0.056,0.012,0.026
0.207,-0.058,-0.678
0.093,0.004,-0.299
0.128,0.004,-0.262
0.067,-0.005,-0.240
-0.320,0.074,0.770
0.233,-0.084,-0.585
-0.337,-0.005,0.830
0.365,-0.093,-0.809
0.067,-0.040,-0.140
-0.293,-0.005,0.717
-0.144,0.030,0.289
0.111,-0.005,-0.338
0.154,-0.032,-0.362
-0.170,0.039,0.537
0.304,-0.084,-0.687
0.286,-0.067,-0.760
0.207,-0.032,-0.575
0.198,-0.014,-0.380
0.084,-0.014,-0.330
-0.126,0.021,0.308
0.163,-0.067,-0.364
-0.030,0.030,0.143
0.242,-0.049,-0.688
0.084,0.021,-0.161
0.277,-0.058,-0.732
0.049,0.012,-0.055
-0.118,-0.014,0.276
-0.065,0.056,0.189
-0.153,0.030,0.439
-0.039,0.021,0.011
0.295,-0.093,-0.693
0.137,-0.032,-0.260
0.102,-0.032,-0.219
0.154,-0.023,-0.385
-0.293,0.065,0.752
0.198,-0.040,-0.472
-0.170,0.039,0.440
0.067,0.004,-0.238
-0.284,0.056,0.778
0.260,-0.075,-0.674
0.207,-0.058,-0.517
-0.091,0.021,0.234
-0.205,-0.023,0.429
0.207,-0.067,-0.460
0.093,-0.023,-0.255
-0.056,-0.058,0.026
-0.179,0.091,0.406
-0.135,0.056,0.353
0.084,-0.014,-0.231
-0.249,0.039,0.634
0.348,-0.032,-0.906
0.119,-0.023,-0.353
0.198,-0.067,-0.458
0.067,-0.014,-0.234
-0.197,0.074,0.446
0.225,-0.058,-0.547
0.154,-0.040,-0.496
0.146,-0.032,-0.389
-0.047,-0.058,0.017
-0.197,0.021,0.600
-0.267,0.100,0.763
0.032,-0.032,-0.028
-0.118,-0.023,0.239
-0.047,-0.014,0.076
-0.135,-0.005,0.359
-0.249,0.074,0.666
0.093,-0.023,-0.340
-0.153,0.012,0.396
-0.232,0.074,0.537
0.356,-0.084,-0.799
0.330,-0.075,-0.794
-0.267,0.091,0.756
0.251,-0.067,-0.671
0.014,0.012,0.045
-0.144,0.021,0.343
-0.126,-0.023,0.303
-0.074,0.004,0.090
0.093,-0.014,-0.131
0.137,-0.040,-0.457
-0.214,0.065,0.673
-0.126,0.012,0.396
-0.047,-0.049,0.014
-0.100,0.030,0.234
0.269,-0.093,-0.671
-0.118,0.030,0.308
-0.249,0.091,0.759
0.093,0.004,-0.250
0.198,-0.032,-0.488
-0.170,0.065,0.398
0.269,-0.084,-0.677
0.242,-0.058,-0.575
0.277,-0.049,-0.588
-0.083,0.021,0.206
0.225,-0.032,-0.394
-0.091,0.039,0.172
-0.249,0.056,0.569
0.119,-0.023,-0.335
0.067,-0.023,-0.271
-0.320,0.083,0.810
-0.302,0.021,0.788
-0.302,0.056,0.773
-0.144,0.047,0.351
0.111,0.004,-0.342
0.137,-0.032,-0.436
-0.083,0.012,0.259
-0.144,0.021,0.405
-0.179,0.083,0.447
-0.284,0.047,0.606
0.269,-0.075,-0.833
0.163,-0.032,-0.529
-0.118,-0.014,0.380
-0.109,0.030,0.262
-0.153,0.083,0.405
-0.153,0.021,0.327
0.005,-0.032,-0.030
0.172,-0.032,-0.549
-0.170,0.074,0.410
0.181,-0.040,-0.554
-0.276,0.074,0.757
0.260,-0.067,-0.571
0.137,-0.005,-0.262
-0.293,0.021,0.759
-0.302,0.021,0.719
-0.065,0.039,0.104
0.207,-0.014,-0.579
-0.197,0.065,0.437
0.067,-0.014,-0.183
-0.039,0.012,0.095
0.260,-0.040,-0.641
0.075,-0.032,-0.310
-0.065,0.047,0.134
0.198,-0.023,-0.576
-0.241,0.047,0.525
-0.056,-0.040,0.016
-0.135,0.074,0.345
0.172,-0.023,-0.433
0.119,-0.014,-0.381
0.075,-0.032,-0.211
0.321,-0.032,-0.896
-0.170,-0.032,0.334
-0.012,0.012,0.025
-0.232,0.074,0.615
-0.258,0.074,0.620
-0.276,0.056,0.809
0.190,-0.032,-0.485
-0.135,0.039,0.428
-0.302,0.056,0.836
-0.241,0.039,0.600
0.040,-0.032,-0.042
-0.293,0.091,0.745
0.111,-0.005,-0.266
0.023,-0.005,-0.094
0.111,-0.032,-0.372
-0.197,-0.032,0.433
-0.065,0.030,0.132
-0.100,0.047,0.250
-0.030,-0.023,0.166
-0.109,0.030,0.336
0.146,-0.014,-0.382
0.286,-0.075,-0.877
-0.320,0.012,0.802
-0.249,0.047,0.695
-0.153,0.021,0.436
0.032,0.021,-0.145
0.216,-0.040,-0.481
-0.214,0.056,0.480
0.067,-0.014,-0.290
0.093,-0.032,-0.013
-0.109,0.047,0.350
-0.232,0.083,0.547
-0.039,-0.005,0.076
-0.232,0.083,0.660
0.251,-0.084,-0.533
0.023,0.021,0.048
0.084,-0.023,-0.093
0.111,-0.014,-0.245
-0.214,0.030,0.453
0.058,-0.005,-0.159
0.269,-0.049,-0.597
-0.205,0.065,0.662
-0.153,0.039,0.457
0.251,-0.075,-0.785
0.339,-0.075,-0.770
-0.109,0.030,0.359
0.111,-0.058,-0.241
0.339,-0.040,-0.873
0.190,-0.040,-0.583
0.269,-0.084,-0.807
-0.144,0.004,0.300
-0.214,0.039,0.562
-0.074,0.047,0.243
-0.118,0.039,0.251
0.084,-0.005,-0.211
-0.135,0.030,0.351
-0.153,0.039,0.331
0.023,0.004,-0.072
-0.056,0.030,0.058
-0.311,0.047,0.668
-0.126,-0.014,0.421
-0.284,0.074,0.770
0.321,-0.067,-0.743
0.084,0.004,-0.256
-0.241,0.047,0.623
-0.012,0.030,0.142
-0.249,0.100,0.647
-0.241,0.039,0.668
-0.109,0.021,0.240
-0.170,0.083,0.509
0.005,0.030,0.059
-0.197,0.039,0.398
-0.337,0.004,0.740
-0.284,0.091,0.763
-0.320,-0.005,0.706
0.093,0.012,-0.109
-0.214,0.100,0.540
0.119,-0.067,-0.240
0.321,-0.075,-0.696
-0.083,0.030,0.247
0.339,-0.067,-0.796
0.111,0.004,-0.235
-0.004,-0.014,-0.091
-0.100,-0.049,0.119
-0.188,0.030,0.371
0.005,-0.005,-0.024
-0.205,0.047,0.647
0.286,-0.102,-0.696
0.014,0.021,0.040
-0.170,0.039,0.454
0.023,0.012,0.023
0.216,-0.058,-0.696
-0.232,0.056,0.661
-0.214,-0.032,0.459
0.269,-0.084,-0.696
-0.153,0.083,0.450
-0.284,0.083,0.773
0.058,-0.040,-0.217
0.216,-0.067,-0.564
0.233,-0.058,-0.581
-0.162,0.074,0.442
0.260,-0.084,-0.765
-0.118,0.021,0.291
-0.162,0.056,0.330
0.190,-0.023,-0.490
0.049,-0.023,-0.238
-0.337,0.021,0.803
-0.153,0.074,0.394
-0.258,0.039,0.727
-0.109,0.004,0.281
0.146,-0.049,-0.489
0.269,-0.067,-0.645
0.049,0.012,-0.165
-0.126,-0.014,0.221
-0.302,-0.005,0.711
-0.267,0.065,0.660
0.154,-0.040,-0.516
-0.214,0.091,0.505
-0.065,0.004,0.144
-0.179,0.012,0.410
-0.039,0.012,0.151
0.102,-0.049,-0.327
-0.144,0.065,0.313
-0.118,0.039,0.232
0.075,0.012,-0.158
0.225,-0.075,-0.527
0.233,-0.058,-0.502
-0.249,0.083,0.647
-0.118,-0.023,0.288
0.286,-0.084,-0.871
0.260,-0.084,-0.573
0.023,-0.005,-0.147
0.023,0.004,0.045
-0.162,0.039,0.392
-0.258,0.091,0.764
0.260,-0.058,-0.664
-0.118,0.030,0.235
0.154,-0.067,-0.362
-0.100,0.021,0.287
0.295,-0.093,-0.682
0.374,-0.049,-0.744
0.119,-0.014,-0.362
0.216,-0.023,-0.605
0.339,-0.093,-0.808
-0.284,0.030,0.801
0.190,-0.075,-0.472
0.093,-0.040,-0.189
-0.012,0.012,0.145
0.348,-0.084,-0.798
0.058,-0.032,-0.244
0.321,-0.032,-0.833
-0.223,0.056,0.587
-0.083,0.030,0.324
0.067,-0.005,-0.153
-0.328,0.047,0.723
0.251,-0.040,-0.628
-0.214,0.065,0.594
0.207,-0.014,-0.450
0.005,0.012,0.042
0.005,0.012,-0.043
0.128,-0.005,-0.252
-0.074,0.030,0.260
-0.144,-0.005,0.396
0.128,-0.023,-0.437
-0.056,0.021,0.069
-0.267,0.065,0.766
0.049,0.004,-0.048
-0.170,0.065,0.440
-0.188,0.056,0.466
0.312,-0.067,-0.688
-0.267,0.074,0.657
-0.276,0.047,0.777
0.321,-0.084,-0.808
0.286,-0.058,-0.690
-0.135,0.021,0.319
0.137,-0.023,-0.406
-0.205,0.091,0.543
0.277,-0.093,-0.695
0.251,-0.023,-0.669
-0.126,-0.014,0.279
-0.249,-0.023,0.530
-0.109,0.039,0.257
0.119,-0.023,-0.412
0.023,0.030,0.041
0.014,0.004,-0.043
0.119,-0.049,-0.298
0.233,-0.075,-0.702
-0.188,0.074,0.504
0.128,-0.014,-0.260
-0.214,0.030,0.537
0.242,-0.032,-0.503
-0.284,0.047,0.781
0.225,-0.058,-0.720
0.260,-0.040,-0.601
-0.153,0.021,0.365
0.146,-0.014,-0.436
-0.135,-0.040,0.239
0.260,-0.067,-0.592
0.190,-0.032,-0.470
-0.284,0.091,0.744
-0.135,0.056,0.336
-0.276,0.056,0.711
-0.109,0.012,0.182
0.348,-0.084,-0.810
-0.205,0.039,0.441
-0.153,0.065,0.341
-0.056,0.012,0.153
-0.144,0.047,0.337
0.260,-0.040,-0.556
0.154,-0.040,-0.417
0.321,-0.075,-0.766
0.146,-0.040,-0.263
-0.170,0.021,0.416
0.356,-0.111,-0.915
-0.039,-0.049,0.019
0.119,0.004,-0.268
0.137,-0.067,-0.410
-0.179,0.074,0.450
0.128,-0.023,-0.393
-0.170,0.065,0.460
0.225,-0.067,-0.563
-0.083,0.004,0.144
0.146,0.004,-0.423
0.233,-0.049,-0.529
0.330,-0.067,-0.788
0.040,-0.014,-0.191
-0.284,0.056,0.769
-0.179,0.021,0.407
-0.012,0.004,0.015
-0.012,-0.005,-0.070
-0.346,0.065,0.812
0.181,-0.067,-0.361
-0.021,0.012,0.153
-0.162,0.065,0.394
-0.109,0.056,0.210
-0.214,0.047,0.519
0.286,-0.067,-0.698
0.067,0.012,-0.143
0.312,-0.067,-0.752
0.023,-0.014,-0.173
0.216,-0.023,-0.414
-0.144,0.004,0.330
0.304,-0.075,-0.756
-0.162,-0.023,0.343
0.075,0.004,-0.182
0.058,0.004,-0.219
-0.126,0.021,0.639
0.119,-0.005,-0.343
0.295,-0.075,-0.895
-0.284,0.047,0.719
-0.258,0.074,0.699
0.295,-0.084,-0.679
-0.223,0.030,0.484
-0.258,0.083,0.768
-0.249,0.056,0.648
-0.074,0.056,0.192
-0.267,0.083,0.794
-0.065,0.039,0.135
-0.030,0.004,0.045
0.058,-0.032,-0.141
0.242,-0.040,-0.617
-0.241,0.091,0.658
-0.065,0.030,0.149
-0.258,0.083,0.619
-0.144,0.039,0.255
-0.065,0.030,0.296
0.339,-0.075,-0.807
0.128,-0.014,-0.327
0.251,-0.067,-0.626
0.251,-0.049,-0.594
-0.144,0.074,0.449
0.084,-0.005,-0.221
0.312,-0.067,-0.804
0.154,-0.032,-0.301
0.295,-0.067,-0.809
-0.293,0.047,0.825
0.225,-0.014,-0.617
-0.135,0.030,0.335
-0.135,0.039,0.338
0.190,-0.067,-0.593
-0.267,0.091,0.651
-0.004,0.030,0.062
0.005,-0.014,-0.113
0.128,-0.040,-0.316
-0.284,0.074,0.751
-0.021,0.021,-0.027
-0.267,0.083,0.645
-0.153,0.091,0.399
-0.205,0.047,0.545
-0.153,0.083,0.473
-0.118,-0.032,0.237
0.295,-0.058,-0.703
0.049,-0.023,-0.148
-0.293,0.083,0.762
-0.214,0.039,0.536
0.032,-0.014,-0.107
-0.170,0.065,0.500
0.093,-0.032,-0.267
-0.100,0.030,0.244
-0.118,0.039,0.351
0.093,-0.014,-0.262
-0.188,0.065,0.570
-0.223,0.083,0.600
0.321,-0.067,-0.818
-0.065,-0.058,0.023
0.049,-0.032,-0.211
-0.170,0.083,0.685
-0.153,0.056,0.392
0.198,-0.023,-0.554
0.286,-0.084,-0.714
-0.320,0.021,0.757
-0.004,0.021,0.056
0.075,-0.040,-0.306
0.295,-0.067,-0.688
-0.223,0.030,0.560
0.137,-0.040,-0.379
-0.126,-0.032,0.494
-0.170,0.065,0.423
0.172,-0.049,-0.547
0.295,-0.049,-0.716
-0.126,0.021,0.186
-0.170,0.056,0.485
0.067,0.012,-0.231
0.304,-0.049,-0.701
-0.179,0.065,0.452
-0.284,0.030,0.671
-0.249,-0.023,0.541
-0.170,0.083,0.413
0.128,-0.005,-0.372
-0.232,0.065,0.542
0.128,-0.005,-0.388
-0.311,0.065,0.822
-0.144,0.065,0.343
0.146,-0.032,-0.490
-0.126,-0.023,0.289
-0.039,0.012,0.059
-0.144,0.065,0.391
-0.135,-0.049,0.230
-0.030,0.021,0.151
-0.337,0.004,0.730
-0.074,0.021,0.160
-0.047,0.012,0.241
0.146,-0.058,-0.442
-0.346,0.074,0.820
0.049,-0.005,-0.085
-0.047,0.030,0.141
0.198,-0.049,-0.471
0.321,-0.067,-0.808
0.286,-0.102,-0.683
-0.021,0.021,0.036
0.233,-0.040,-0.579
-0.258,0.047,0.656
-0.144,0.083,0.396
-0.065,-0.049,0.104
-0.170,0.091,0.403
0.251,-0.049,-0.658
0.102,-0.005,-0.332
-0.179,0.074,0.554
-0.179,0.083,0.404
0.119,-0.032,-0.398
-0.346,0.056,0.839
-0.188,0.083,0.448
0.260,-0.049,-0.738
-0.205,0.047,0.592
-0.021,0.039,0.042
0.014,0.004,-0.103
-0.232,0.091,0.534
0.075,0.012,-0.140
0.163,-0.014,-0.389
-0.346,-0.005,0.825
0.225,-0.049,-0.592
0.128,-0.005,-0.293
-0.284,0.056,0.826
-0.337,0.012,0.732
0.312,-0.084,-0.701
-0.293,0.021,0.723
-0.162,-0.023,0.329
-0.223,0.039,0.463
0.181,-0.040,-0.483
0.067,-0.023,-0.202
-0.118,0.012,0.355
0.216,-0.032,-0.603
0.216,-0.040,-0.382
0.005,-0.005,-0.116
0.277,-0.093,-0.662
-0.153,0.047,0.461
0.242,-0.049,-0.552
-0.197,0.056,0.453
0.470,-0.137,-0.830
0.190,-0.032,-0.548
0.163,-0.005,-0.381
-0.030,0.004,-0.023
-0.153,0.074,0.445
-0.126,-0.014,0.341
0.067,0.021,-0.166
-0.162,0.065,0.418
0.216,-0.040,-0.462
0.067,0.021,-0.149
-0.232,0.091,0.603
0.312,-0.058,-0.764
-0.065,0.030,0.071
-0.188,0.021,0.383
0.005,0.004,0.020
0.102,0.004,-0.251
0.102,-0.014,-0.266
0.190,-0.058,-0.509
0.286,-0.067,-0.789
-0.179,0.030,0.434
0.119,-0.014,-0.313
0.295,-0.084,-0.892
-0.074,0.012,0.286
0.321,-0.058,-0.717
0.181,-0.032,-0.565
-0.276,0.065,0.765
0.128,-0.032,-0.343
0.251,-0.049,-0.642
-0.197,0.047,0.488
-0.100,0.039,0.241
0.295,-0.067,-0.767
-0.205,0.083,0.547
0.040,0.030,-0.059
-0.109,0.030,0.242
0.005,-0.032,0.065
-0.232,0.074,0.652
-0.091,-0.049,0.136
0.014,-0.032,-0.072
0.286,-0.075,-0.763
