x,y,t
-0.204,-0.111,-0.428
0.297,0.193,0.665
-0.032,-0.078,-0.102
0.059,-0.012,-0.020
-0.344,-0.185,-0.731
-0.261,-0.201,-0.549
-0.188,-0.094,-0.497
0.009,-0.094,-0.009
-0.220,-0.021,-0.505
-0.114,-0.053,-0.131
-0.007,0.012,0.012
0.247,0.193,0.530
-0.188,-0.086,-0.202
0.009,0.012,0.174
-0.327,-0.226,-0.743
-0.188,-0.053,-0.304
0.124,0.111,0.234
0.124,0.111,0.151
-0.212,-0.201,-0.487
-0.204,-0.193,-0.573
-0.163,-0.152,-0.494
0.001,-0.037,-0.062
0.272,0.168,0.593
-0.073,-0.070,-0.021
0.280,0.135,0.543
0.009,-0.012,-0.009
-0.261,-0.021,-0.617
0.100,-0.045,0.137
-0.212,-0.127,-0.570
-0.229,-0.201,-0.588
0.206,0.127,0.405
-0.204,0.004,-0.538
-0.023,0.045,0.049
0.198,-0.012,0.120
-0.229,-0.103,-0.342
0.362,0.103,0.763
0.264,0.217,0.666
0.231,0.045,0.483
0.198,-0.029,0.100
-0.212,-0.111,-0.587
-0.056,-0.062,0.068
0.223,0.127,0.412
-0.204,-0.070,-0.522
-0.171,-0.152,-0.479
0.247,0.037,0.460
0.272,0.152,0.787
0.116,0.078,0.269
-0.294,-0.053,-0.624
-0.327,-0.062,-0.543
-0.401,-0.144,-0.611
-0.065,-0.029,-0.262
0.198,0.070,0.595
0.132,0.053,0.152
-0.196,-0.053,-0.432
0.173,0.152,0.468
0.026,0.070,0.176
-0.368,-0.103,-0.640
0.362,0.217,0.723
0.280,0.127,0.522
0.247,0.086,0.426
0.050,0.103,0.071
0.157,0.094,0.400
-0.130,-0.111,-0.120
-0.212,-0.012,-0.300
-0.253,-0.053,-0.581
0.018,-0.094,0.065
0.231,0.029,0.408
0.338,0.267,0.789
-0.122,-0.152,-0.516
0.091,-0.029,0.078
0.141,0.086,0.393
0.305,0.103,0.684
-0.344,-0.160,-0.449
-0.344,-0.144,-0.703
0.247,0.070,0.455
-0.286,-0.144,-0.688
0.198,0.086,0.270
0.124,0.086,0.145
0.157,0.111,0.329
0.223,0.176,0.604
-0.245,-0.029,-0.419
-0.155,-0.168,-0.508
-0.294,-0.160,-0.706
0.100,-0.029,0.158
0.026,-0.094,-0.074
-0.286,-0.193,-0.562
0.370,0.250,0.804
-0.220,-0.103,-0.439
-0.302,-0.135,-0.636
0.173,0.029,0.133
-0.065,-0.094,-0.063
0.124,0.094,0.327
-0.237,-0.086,-0.459
0.256,0.062,0.666
0.091,0.111,0.272
0.280,0.070,0.534
-0.023,-0.045,0.009
-0.319,-0.127,-0.421
0.206,0.020,0.553
0.091,-0.053,0.102
0.034,0.037,0.085
0.288,0.226,0.635
0.313,0.103,0.609
-0.237,-0.111,-0.646
0.206,0.086,0.290
-0.401,-0.127,-0.701
-0.302,-0.209,-0.722
-0.352,-0.111,-0.597
0.231,0.144,0.452
0.059,0.004,-0.010
-0.212,-0.094,-0.547
0.288,0.094,0.504
-0.147,-0.103,-0.334
-0.385,-0.144,-0.707
-0.220,-0.037,-0.542
0.100,-0.029,0.119
-0.360,-0.127,-0.605
0.108,0.135,0.148
-0.188,-0.119,-0.426
0.256,0.160,0.516
-0.188,-0.070,-0.494
-0.081,-0.078,-0.133
-0.015,-0.021,0.097
0.059,0.070,0.065
-0.311,-0.086,-0.683
-0.220,-0.185,-0.514
0.280,0.094,0.554
0.288,0.209,0.663
0.362,0.258,0.766
0.206,0.119,0.449
0.116,-0.037,0.209
0.239,0.103,0.614
0.329,0.103,0.632
-0.344,-0.111,-0.725
-0.204,-0.103,-0.276
0.198,0.168,0.447
-0.311,-0.193,-0.694
0.067,-0.021,-0.006
0.247,0.176,0.479
-0.097,-0.070,-0.107
0.001,0.078,0.093
0.264,0.119,0.529
0.190,0.070,0.355
0.329,0.226,0.610
-0.261,-0.053,-0.539
0.280,0.111,0.479
0.198,0.111,0.431
0.149,0.119,0.435
0.182,0.020,0.480
-0.360,-0.119,-0.662
0.116,-0.004,0.128
0.239,0.193,0.593
0.256,0.127,0.762
0.338,0.217,0.757
0.247,0.111,0.649
-0.237,-0.176,-0.522
-0.229,-0.012,-0.480
0.247,0.226,0.557
-0.130,-0.144,-0.492
-0.130,-0.086,-0.150
-0.122,-0.094,-0.194
0.313,0.119,0.593
-0.089,-0.070,-0.254
-0.360,-0.193,-0.599
0.338,0.299,0.841
-0.270,-0.037,-0.624
-0.179,-0.037,-0.322
0.149,-0.053,0.082
-0.212,-0.135,-0.518
0.346,0.152,0.888
-0.196,-0.086,-0.455
-0.212,-0.144,-0.537
0.280,0.234,0.612
0.231,0.144,0.429
-0.163,-0.160,-0.554
0.272,0.045,0.527
-0.163,-0.135,-0.478
0.067,-0.029,0.010
0.190,-0.012,0.185
-0.335,-0.053,-0.601
-0.311,-0.086,-0.614
-0.344,-0.135,-0.627
0.256,0.053,0.446
0.280,0.078,0.503
-0.294,-0.127,-0.649
0.379,0.152,0.697
0.116,-0.029,0.083
0.387,0.127,0.690
0.313,0.209,0.676
0.346,0.185,0.817
0.182,0.020,0.337
-0.163,-0.111,-0.482
0.190,0.127,0.562
0.075,-0.021,0.068
0.256,0.217,0.615
0.157,0.004,0.139
-0.327,-0.185,-0.296
0.206,0.062,0.404
0.124,0.086,0.301
-0.335,-0.103,-0.425
-0.163,-0.127,-0.343
0.239,0.086,0.359
0.239,0.029,0.438
0.067,0.086,0.070
0.288,0.078,0.518
-0.196,-0.012,-0.313
-0.270,-0.111,-0.568
-0.023,-0.021,0.051
-0.179,-0.111,-0.360
-0.376,-0.160,-0.637
-0.270,-0.176,-0.670
0.247,0.078,0.491
-0.253,-0.176,-0.490
-0.302,-0.217,-0.663
-0.007,0.070,0.017
0.280,0.119,0.410
-0.056,-0.062,-0.140
-0.261,-0.037,-0.491
0.354,0.201,0.699
-0.081,-0.045,-0.316
0.239,0.176,0.509
-0.261,-0.176,-0.619
0.280,0.242,0.632
-0.311,-0.127,-0.682
0.272,0.127,0.435
0.198,0.029,0.434
-0.179,-0.029,-0.476
-0.286,-0.217,-0.719
0.321,0.201,0.854
0.305,0.185,0.831
-0.229,-0.045,-0.587
0.091,0.070,0.091
-0.171,-0.078,-0.322
-0.220,-0.160,-0.424
-0.040,-0.086,-0.052
0.059,0.053,0.148
0.321,0.176,0.577
0.182,0.119,0.485
-0.138,-0.127,-0.491
-0.229,-0.168,-0.556
0.297,0.111,0.514
0.329,0.168,0.800
0.346,0.185,0.616
0.026,-0.070,-0.065
0.108,0.103,0.147
-0.114,-0.078,-0.113
-0.319,-0.094,-0.539
-0.311,-0.217,-0.638
0.280,0.062,0.492
-0.229,-0.176,-0.465
0.198,0.029,0.399
-0.294,-0.193,-0.591
-0.032,-0.029,-0.212
0.370,0.193,0.821
-0.163,-0.086,-0.029
-0.114,-0.103,-0.234
-0.278,-0.078,-0.564
-0.261,-0.111,-0.457
-0.319,-0.037,-0.632
-0.278,-0.135,-0.337
-0.286,-0.168,-0.567
-0.040,-0.021,0.107
0.091,0.004,0.116
-0.360,-0.127,-0.678
-0.204,-0.168,-0.611
0.182,0.094,0.426
-0.278,-0.045,-0.489
-0.204,-0.135,-0.473
0.280,0.111,0.528
0.256,0.045,0.573
0.132,-0.037,0.162
-0.237,-0.160,-0.607
-0.302,-0.119,-0.398
0.346,0.078,0.582
0.173,0.135,0.433
-0.188,-0.176,-0.619
0.075,0.012,-0.020
-0.335,-0.094,-0.590
0.362,0.242,0.783
0.141,0.094,0.223
0.165,0.086,0.383
0.132,-0.037,0.081
-0.065,-0.070,-0.174
0.149,0.012,0.193
-0.376,-0.185,-0.659
0.100,0.086,0.226
0.272,0.062,0.613
0.026,0.029,0.013
-0.278,-0.119,-0.428
0.050,0.020,-0.020
-0.188,0.004,-0.527
0.108,0.111,0.372
-0.344,-0.168,-0.745
-0.040,-0.078,-0.032
-0.171,-0.086,-0.514
0.280,0.135,0.759
0.264,0.176,0.531
-0.401,-0.176,-0.675
0.182,0.029,0.217
0.009,-0.045,-0.088
0.362,0.119,0.628
0.034,0.053,0.062
-0.007,-0.078,0.022
-0.032,-0.062,-0.035
0.149,-0.045,0.190
-0.097,-0.086,-0.004
0.206,0.160,0.435
0.346,0.135,0.621
0.280,0.103,0.576
-0.376,-0.152,-0.613
0.091,0.070,0.192
-0.007,-0.086,-0.021
-0.261,-0.021,-0.479
0.116,-0.021,0.042
-0.319,-0.135,-0.657
0.157,-0.012,0.153
0.305,0.193,0.568
0.042,0.029,0.008
-0.015,-0.045,0.057
0.149,-0.037,0.050
0.321,0.078,0.595
0.264,0.226,0.819
0.329,0.135,0.595
0.288,0.201,0.633
0.198,0.078,0.549
-0.319,-0.152,-0.509
0.026,0.029,0.047
0.149,0.111,0.467
0.297,0.267,0.799
-0.393,-0.103,-0.678
-0.270,-0.127,-0.374
-0.179,-0.037,-0.444
0.026,0.012,0.035
-0.188,-0.127,-0.549
0.206,0.119,0.508
0.288,0.217,0.868
-0.270,-0.111,-0.692
-0.302,-0.086,-0.657
0.165,0.078,0.226
0.050,-0.029,0.062
0.354,0.226,0.771
-0.229,-0.062,-0.406
0.370,0.176,0.878
-0.319,-0.193,-0.577
0.009,-0.078,0.080
-0.270,-0.094,-0.518
-0.245,-0.160,-0.656
-0.270,-0.021,-0.550
-0.335,-0.226,-0.696
-0.212,-0.176,-0.500
-0.237,-0.185,-0.629
-0.179,-0.029,-0.356
0.206,0.135,0.570
0.108,0.078,0.132
0.067,0.070,0.107
0.116,0.078,0.389
0.141,0.103,0.414
-0.385,-0.119,-0.730
0.329,0.176,0.688
-0.253,-0.119,-0.666
-0.253,-0.062,-0.516
-0.278,-0.193,-0.696
-0.286,-0.176,-0.682
0.305,0.258,0.613
0.116,0.020,0.073
0.116,0.078,0.210
0.329,0.160,0.555
-0.286,-0.037,-0.641
-0.204,-0.152,-0.436
-0.393,-0.176,-0.745
-0.368,-0.226,-0.722
-0.032,-0.012,-0.183
0.067,0.020,0.104
-0.196,-0.152,-0.579
0.256,0.168,0.633
-0.368,-0.193,-0.681
0.264,0.201,0.550
-0.442,-0.160,-0.711
-0.237,-0.029,-0.491
-0.015,-0.021,-0.021
0.173,-0.045,0.072
-0.196,-0.152,-0.608
0.329,0.185,0.713
0.190,0.037,0.556
0.272,0.119,0.502
0.075,-0.037,0.054
-0.245,-0.037,-0.509
-0.056,-0.045,-0.174
-0.171,-0.062,-0.306
0.108,0.020,0.394
0.165,0.144,0.411
-0.253,-0.037,-0.610
-0.163,-0.062,-0.422
0.124,-0.021,0.096
0.247,0.209,0.565
0.075,0.103,0.162
-0.106,-0.086,-0.242
0.116,0.037,0.066
-0.376,-0.094,-0.531
-0.023,-0.029,-0.044
-0.130,-0.078,-0.298
-0.171,-0.127,-0.454
0.182,-0.012,0.093
0.083,-0.004,0.090
-0.368,-0.201,-0.666
-0.073,-0.078,-0.113
-0.409,-0.160,-0.671
0.264,0.111,0.386
0.288,0.185,0.590
-0.106,-0.086,-0.079
-0.048,-0.078,0.001
0.026,-0.053,-0.042
0.059,0.012,0.224
-0.032,-0.103,-0.088
0.182,0.037,0.397
0.313,0.258,0.688
-0.376,-0.176,-0.732
0.206,0.004,0.490
0.026,-0.037,-0.067
-0.450,-0.193,-0.610
-0.163,-0.062,-0.186
-0.220,-0.045,-0.469
0.280,0.185,0.517
0.026,0.070,0.033
0.264,0.070,0.506
0.214,0.144,0.439
-0.032,-0.029,0.083
0.009,0.053,0.125
0.354,0.144,0.644
0.059,0.078,0.133
0.354,0.094,0.728
0.001,-0.037,-0.016
-0.212,-0.012,-0.544
-0.319,-0.226,-0.652
-0.171,-0.062,-0.233
-0.056,-0.037,-0.085
0.206,0.135,0.493
0.042,0.004,0.187
-0.073,-0.053,-0.297
-0.155,-0.094,-0.201
-0.278,-0.037,-0.539
-0.278,-0.160,-0.493
0.018,0.045,0.017
-0.188,-0.185,-0.508
-0.155,-0.160,-0.584
0.141,0.103,0.317
0.198,0.045,0.303
-0.335,-0.176,-0.631
-0.253,-0.086,-0.612
0.272,0.078,0.602
-0.023,0.004,-0.047
-0.450,-0.193,-0.718
-0.106,-0.053,-0.110
0.091,-0.037,0.107
-0.294,-0.209,-0.602
0.272,0.168,0.512
-0.409,-0.168,-0.638
-0.130,-0.103,-0.141
-0.204,-0.094,-0.418
-0.032,-0.070,-0.052
0.256,0.070,0.552
-0.385,-0.144,-0.657
-0.376,-0.193,-0.631
-0.155,-0.070,-0.148
-0.204,-0.094,-0.468
-0.155,-0.070,-0.329
0.141,0.004,0.216
0.182,0.119,0.544
-0.163,-0.152,-0.432
0.206,0.193,0.461
-0.171,-0.119,-0.397
-0.352,-0.094,-0.693
-0.130,-0.070,-0.423
0.264,0.086,0.457
0.206,0.111,0.593
0.321,0.201,0.836
-0.007,-0.062,-0.007
0.354,0.111,0.695
-0.344,-0.217,-0.653
0.132,-0.029,0.146
0.214,0.053,0.365
0.149,0.086,0.254
0.239,0.160,0.461
-0.130,-0.070,-0.394
0.370,0.135,0.638
0.083,0.020,0.286
0.272,0.267,0.756
-0.253,-0.103,-0.368
-0.081,-0.062,-0.080
-0.401,-0.144,-0.684
0.272,0.086,0.482
0.321,0.086,0.548
0.009,-0.103,-0.083
-0.114,-0.086,-0.275
0.116,0.053,0.126
-0.335,-0.201,-0.717
-0.179,-0.062,-0.203
0.100,0.029,0.076
-0.179,-0.062,-0.454
0.173,-0.004,0.232
0.132,-0.062,0.036
-0.245,-0.045,-0.529
0.288,0.226,0.818
-0.204,-0.037,-0.514
0.264,0.242,0.698
0.272,0.250,0.647
-0.023,-0.037,-0.163
0.247,0.111,0.472
0.231,0.053,0.398
0.100,0.086,0.195
0.223,0.176,0.503
-0.007,-0.004,0.002
0.239,0.094,0.515
0.182,0.103,0.323
-0.302,-0.070,-0.667
-0.278,-0.078,-0.585
-0.245,-0.111,-0.333
-0.335,-0.037,-0.648
0.067,0.037,0.050
-0.319,-0.103,-0.676
-0.270,-0.062,-0.558
0.280,0.086,0.588
0.182,0.086,0.285
-0.106,-0.070,-0.153
-0.204,-0.135,-0.590
-0.163,-0.078,-0.170
0.157,0.094,0.309
-0.352,-0.201,-0.582
0.288,0.226,0.684
0.313,0.152,0.636
0.026,-0.012,0.168
-0.286,-0.062,-0.568
-0.237,-0.160,-0.514
-0.188,-0.004,-0.413
-0.261,-0.029,-0.265
0.173,0.070,0.463
0.214,0.135,0.471
0.379,0.160,0.890
0.050,-0.004,-0.048
0.297,0.119,0.644
0.214,0.004,0.249
-0.442,-0.193,-0.694
-0.229,-0.045,-0.559
-0.245,-0.111,-0.535
0.280,0.209,0.605
0.231,0.111,0.393
0.354,0.160,0.653
-0.261,-0.111,-0.597
0.042,-0.062,0.012
-0.188,-0.160,-0.506
-0.319,-0.201,-0.741
-0.270,-0.094,-0.635
0.182,0.111,0.445
0.338,0.103,0.590
-0.212,-0.037,-0.446
0.149,0.045,0.385
0.100,0.094,0.299
-0.179,-0.094,-0.232
0.288,0.250,0.810
0.100,-0.062,0.006
-0.319,-0.201,-0.632
-0.344,-0.070,-0.577
0.305,0.267,0.765
-0.360,-0.103,-0.622
0.009,-0.004,-0.115
-0.352,-0.135,-0.660
0.026,0.004,-0.077
-0.040,-0.062,-0.165
-0.270,-0.168,-0.687
-0.188,-0.053,-0.394
0.132,-0.053,0.091
0.272,0.242,0.778
0.018,-0.029,-0.086
-0.032,-0.103,-0.130
0.288,0.267,0.732
-0.171,-0.004,-0.502
-0.426,-0.160,-0.695
0.067,-0.012,0.047
-0.261,-0.119,-0.306
-0.229,-0.135,-0.594
0.223,0.168,0.519
-0.171,-0.160,-0.596
-0.368,-0.185,-0.568
0.370,0.193,0.891
0.149,0.086,0.289
0.231,0.127,0.493
0.100,-0.045,0.079
-0.360,-0.086,-0.631
-0.023,0.029,0.094
0.132,0.012,0.152
0.132,-0.037,0.040
0.157,0.053,0.286
0.239,0.119,0.513
0.305,0.144,0.480
0.223,0.037,0.376
-0.073,-0.086,-0.211
0.034,0.012,-0.005
-0.220,-0.144,-0.614
-0.368,-0.070,-0.682
-0.294,-0.185,-0.636
-0.130,-0.053,-0.148
-0.245,-0.176,-0.594
0.083,0.094,0.223
-0.130,-0.103,-0.364
0.280,0.176,0.606
0.132,0.111,0.282
-0.196,-0.021,-0.361
0.190,0.127,0.464
-0.089,-0.078,-0.037
0.067,-0.029,0.126
0.305,0.053,0.526
-0.106,-0.086,-0.177
-0.237,-0.012,-0.511
-0.147,-0.152,-0.499
-0.188,-0.168,-0.586
-0.023,-0.094,-0.113
0.305,0.234,0.882
0.018,-0.053,0.019
0.116,-0.053,0.067
-0.245,-0.193,-0.556
0.190,0.012,0.268
0.059,0.094,0.292
0.165,0.103,0.349
-0.385,-0.119,-0.671
0.165,0.119,0.517
0.231,0.185,0.551
0.354,0.267,0.782
-0.155,-0.062,-0.218
-0.311,-0.168,-0.698
-0.368,-0.168,-0.686
0.321,0.275,0.830
-0.352,-0.144,-0.552
-0.385,-0.160,-0.719
0.231,0.152,0.494
0.190,0.037,0.337
0.329,0.267,0.808
0.280,0.226,0.848
0.370,0.127,0.660
0.247,0.193,0.489
0.149,0.111,0.397
0.034,-0.029,0.023
0.182,0.111,0.351
-0.188,-0.152,-0.424
-0.204,-0.029,-0.557
0.387,0.152,0.724
-0.278,-0.176,-0.592
0.305,0.160,0.895
-0.212,-0.037,-0.573
-0.229,-0.103,-0.516
0.231,0.037,0.511
-0.368,-0.078,-0.653
-0.122,-0.070,-0.273
0.165,0.103,0.500
0.141,0.111,0.252
0.091,0.119,0.121
-0.434,-0.176,-0.672
-0.130,-0.103,-0.275
-0.237,-0.119,-0.310
0.173,-0.037,0.166
0.206,0.029,0.317
0.231,0.209,0.488
-0.327,-0.111,-0.598
0.034,0.086,0.043
-0.155,-0.135,-0.529
-0.327,-0.185,-0.662
0.091,-0.062,0.181
-0.089,-0.103,-0.213
-0.188,-0.160,-0.440
0.026,0.004,-0.026
-0.196,-0.152,-0.536
0.214,0.201,0.476
-0.089,-0.078,-0.063
-0.073,-0.053,-0.055
0.288,0.258,0.587
-0.237,-0.201,-0.528
0.034,-0.021,-0.047
0.050,0.086,0.058
-0.220,-0.152,-0.508
-0.229,-0.094,-0.594
0.297,0.209,0.551
-0.106,-0.078,-0.310
0.247,0.103,0.537
-0.278,-0.045,-0.521
0.132,0.045,0.371
-0.204,-0.103,-0.487
0.370,0.185,0.801
-0.196,-0.103,-0.445
0.329,0.062,0.571
0.009,-0.021,0.012
-0.220,-0.062,-0.436
-0.212,-0.062,-0.456
-0.212,-0.111,-0.290
-0.097,-0.086,-0.099
0.034,-0.045,0.062
0.264,0.209,0.581
-0.409,-0.144,-0.646
0.083,0.070,0.169
-0.040,-0.029,-0.180
-0.138,-0.144,-0.335
-0.188,-0.012,-0.494
0.042,-0.053,0.039
0.124,0.094,0.367
0.026,-0.012,-0.123
-0.327,-0.045,-0.617
-0.089,-0.086,-0.117
-0.040,-0.053,0.052
-0.319,-0.062,-0.675
0.280,0.217,0.540
0.149,-0.021,0.136
-0.302,-0.045,-0.581
0.264,0.135,0.462
0.239,0.062,0.553
-0.294,-0.119,-0.743
0.362,0.094,0.611
0.173,0.119,0.425
0.239,0.144,0.534
-0.204,-0.012,-0.482
0.297,0.267,0.710
0.026,-0.053,-0.012
0.182,0.070,0.340
-0.327,-0.078,-0.637
0.272,0.226,0.524
0.108,0.127,0.253
0.009,-0.078,-0.060
0.083,0.078,0.108
-0.130,-0.127,-0.212
0.346,0.160,0.625
0.042,0.070,0.088
0.288,0.234,0.794
-0.385,-0.086,-0.637
-0.311,-0.070,-0.465
-0.426,-0.226,-0.737
0.116,0.144,0.282
0.247,0.119,0.395
-0.089,-0.053,-0.209
-0.081,-0.078,-0.094
-0.335,-0.094,-0.615
0.198,0.012,0.408
-0.179,-0.144,-0.460
-0.237,-0.053,-0.438
0.116,0.144,0.175
-0.114,-0.086,0.213
-0.352,-0.201,-0.676
0.264,0.078,0.568
0.165,0.103,0.450
0.157,0.037,0.159
0.100,0.111,0.241
-0.188,-0.193,-0.550
-0.122,-0.070,-0.139
0.321,0.185,0.609
0.059,-0.094,-0.038
-0.212,-0.029,-0.475
0.042,-0.062,-0.029
-0.015,-0.070,-0.033
0.280,0.250,0.566
0.214,0.193,0.492
0.288,0.258,0.854
-0.270,-0.119,-0.511
-0.007,-0.094,-0.099
0.297,0.135,0.602
0.329,0.152,0.843
-0.007,-0.062,-0.120
-0.245,-0.012,-0.470
0.059,-0.004,0.071
-0.270,-0.193,-0.569
-0.229,-0.160,-0.489
-0.270,-0.176,-0.552
-0.097,-0.094,-0.227
-0.007,-0.021,-0.037
0.338,0.283,0.784
-0.270,-0.209,-0.699
0.042,0.045,0.179
-0.171,-0.135,-0.388
-0.385,-0.135,-0.743
-0.442,-0.168,-0.735
-0.385,-0.217,-0.728
0.239,0.119,0.416
-0.229,-0.185,-0.658
0.124,-0.012,0.170
-0.171,-0.037,-0.425
-0.344,-0.078,-0.543
0.157,-0.029,0.066
-0.311,-0.176,-0.578
-0.147,-0.062,-0.240
-0.138,-0.160,-0.487
0.059,0.012,0.052
0.173,0.070,0.194
0.313,0.078,0.618
0.009,0.078,0.026
0.116,0.103,0.126
0.214,0.062,0.499
-0.204,-0.012,-0.376
-0.376,-0.201,-0.722
-0.245,-0.021,-0.608
-0.393,-0.201,-0.608
0.059,0.086,0.113
0.067,0.078,0.194
-0.253,-0.201,-0.638
-0.327,-0.127,-0.717
-0.056,-0.094,-0.082
-0.294,-0.078,-0.633
0.329,0.160,0.772
0.083,-0.045,0.011
0.272,0.127,0.692
-0.229,-0.168,-0.642
-0.188,-0.045,-0.476
-0.344,-0.185,-0.589
0.305,0.258,0.729
0.132,-0.004,0.141
-0.352,-0.226,-0.680
0.214,0.086,0.397
-0.196,-0.144,-0.518
0.346,0.234,0.786
0.329,0.291,0.800
-0.327,-0.226,-0.612
0.165,0.103,0.591
0.264,0.144,0.802
0.100,0.086,0.111
0.083,0.078,0.136
-0.196,-0.168,-0.549
-0.327,-0.135,-0.449
0.091,0.086,0.162
0.075,0.062,0.154
-0.237,-0.119,-0.610
-0.302,-0.127,-0.512
-0.237,-0.185,-0.484
-0.393,-0.217,-0.691
0.149,0.020,0.115
-0.393,-0.234,-0.729
0.009,-0.029,-0.125
-0.261,-0.045,-0.566
0.346,0.103,0.646
-0.253,-0.021,-0.508
-0.147,-0.078,-0.457
-0.040,-0.086,-0.077
0.173,0.103,0.612
-0.352,-0.185,-0.696
0.100,0.078,0.252
0.346,0.160,0.758
0.297,0.242,0.575
-0.196,-0.029,-0.260
0.223,0.160,0.449
0.362,0.258,0.874
0.288,0.168,0.880
-0.311,-0.086,-0.593
0.165,0.053,0.451
0.329,0.185,0.792
-0.196,-0.135,-0.501
-0.261,-0.168,-0.568
0.116,0.070,0.229
-0.147,-0.144,-0.546
0.075,0.103,0.144
0.182,0.152,0.490
-0.368,-0.119,-0.743
0.256,0.201,0.624
-0.294,-0.168,-0.540
-0.270,-0.012,-0.531
0.009,0.004,0.009
0.354,0.135,0.803
-0.294,-0.045,-0.530
-0.278,-0.127,-0.397
-0.155,-0.160,-0.469
-0.196,-0.185,-0.635
0.313,0.185,0.671
0.173,0.103,0.406
0.034,-0.053,0.103
-0.212,-0.021,-0.436
0.288,0.275,0.763
-0.130,-0.103,-0.215
0.132,0.037,0.197
0.362,0.176,0.825
-0.106,-0.086,-0.212
0.231,0.201,0.537
-0.163,-0.053,-0.272
-0.114,-0.103,-0.134
0.018,-0.053,0.082
-0.179,-0.086,-0.483
-0.130,-0.144,-0.367
0.067,0.111,0.080
-0.278,-0.127,-0.601
0.329,0.127,0.645
0.354,0.242,0.714
-0.229,-0.209,-0.660
0.124,-0.012,0.112
0.198,-0.012,0.372
-0.188,-0.053,-0.515
-0.344,-0.185,-0.674
-0.229,-0.103,-0.621
0.083,0.119,0.205
-0.294,-0.086,-0.608
0.329,0.127,0.723
0.354,0.176,0.714
0.165,0.012,0.101
0.026,-0.021,0.088
-0.270,-0.127,-0.654
0.223,0.168,0.560
-0.393,-0.209,-0.646
0.067,0.094,0.202
0.100,0.119,0.215
-0.196,-0.029,-0.392
0.264,0.185,0.598
0.297,0.242,0.843
0.083,-0.062,0.076
0.116,0.094,0.284
-0.409,-0.127,-0.744
-0.065,-0.070,0.041
0.338,0.258,0.827
-0.155,-0.078,-0.312
-0.065,-0.053,-0.275
-0.385,-0.135,-0.542
0.083,0.062,0.219
-0.188,-0.012,-0.331
0.067,0.111,0.195
-0.065,-0.086,-0.185
0.338,0.185,0.738
-0.245,-0.176,-0.673
0.321,0.193,0.821
0.313,0.070,0.642
0.132,0.111,0.178
-0.253,-0.135,-0.633
0.206,0.004,0.226
0.001,-0.012,0.123
0.297,0.283,0.783
0.206,0.045,0.482
-0.286,-0.127,-0.618
0.264,0.160,0.562
0.247,0.176,0.566
0.256,0.176,0.616
-0.188,-0.127,-0.483
-0.220,-0.209,-0.613
-0.344,-0.193,-0.620
0.075,0.094,0.125
0.059,0.004,0.099
0.206,0.029,0.261
0.009,0.029,0.101
-0.130,-0.086,-0.226
-0.401,-0.201,-0.683
0.354,0.152,0.829
-0.311,-0.176,-0.733
0.182,0.029,0.380
0.305,0.226,0.707
-0.138,-0.119,-0.234
-0.204,-0.103,-0.570
0.280,0.062,0.571
-0.335,-0.193,-0.646
-0.344,-0.176,-0.613
-0.048,-0.062,-0.062
-0.344,-0.062,-0.662
0.338,0.168,0.731
0.026,0.004,0.128
0.231,0.193,0.473
-0.204,-0.045,-0.401
-0.179,-0.185,-0.528
0.305,0.250,0.714
-0.286,-0.185,-0.712
0.214,-0.004,0.383
-0.220,-0.135,-0.442
-0.155,-0.053,-0.340
0.100,0.037,0.129
0.108,0.127,0.331
-0.015,-0.086,0.007
0.001,-0.094,0.025
0.059,-0.053,0.069
0.239,0.062,0.423
-0.434,-0.193,-0.738
-0.179,-0.144,-0.549
0.091,0.045,0.089
0.132,0.004,0.078
-0.040,-0.037,0.022
0.362,0.226,0.744
0.083,0.020,0.018
0.009,-0.045,0.102
-0.393,-0.094,-0.712
-0.204,-0.062,-0.415
0.173,0.070,0.212
0.338,0.070,0.632
-0.344,-0.111,-0.701
-0.007,-0.045,-0.038
-0.229,-0.111,-0.495
-0.278,-0.152,-0.541
-0.302,-0.053,-0.455
0.256,0.152,0.533
0.190,0.037,0.240
-0.253,-0.201,-0.679
-0.138,-0.111,-0.170
-0.253,-0.053,-0.619
0.059,-0.070,-0.015
-0.376,-0.086,-0.572
0.288,0.078,0.627
0.288,0.234,0.555
-0.188,-0.111,-0.504
-0.007,-0.029,-0.185
0.190,0.119,0.393
-0.294,-0.070,-0.587
-0.467,-0.185,-0.723
-0.409,-0.226,-0.714
-0.023,-0.053,-0.116
-0.155,-0.070,-0.444
-0.171,-0.053,-0.437
-0.409,-0.193,-0.703
0.067,0.078,0.154
0.132,0.045,0.107
0.239,0.152,0.570
0.305,0.160,0.865
-0.171,-0.176,-0.607
-0.188,-0.176,-0.493
0.100,0.029,0.151
0.321,0.152,0.528
-0.319,-0.070,-0.620
0.338,0.226,0.681
-0.311,-0.103,-0.605
0.272,0.176,0.552
0.050,0.062,0.101
-0.319,-0.103,-0.572
-0.065,-0.078,-0.088
0.305,0.275,0.748
0.288,0.250,0.679
-0.360,-0.111,-0.685
0.256,0.226,0.576
-0.426,-0.209,-0.705
-0.073,-0.045,-0.016
-0.163,-0.168,-0.396
-0.147,-0.062,-0.192
-0.352,-0.119,-0.642
-0.311,-0.185,-0.645
0.321,0.201,0.620
-0.188,-0.078,-0.513
0.042,-0.053,0.144
-0.417,-0.144,-0.700
0.190,-0.021,0.332
0.329,0.209,0.670
-0.270,-0.193,-0.598
-0.065,-0.070,-0.069
-0.319,-0.185,-0.536
-0.032,0.029,0.057
0.338,0.267,0.756
0.362,0.152,0.773
-0.360,-0.209,-0.703
0.239,0.135,0.550
0.182,-0.004,0.361
-0.311,-0.201,-0.659
0.132,0.078,0.194
-0.212,-0.152,-0.554
0.346,0.234,0.751
0.370,0.176,0.756
-0.147,-0.078,-0.175
0.018,0.037,0.075
-0.048,-0.078,-0.169
0.362,0.127,0.684
-0.335,-0.168,-0.678
0.034,0.053,0.115
0.067,0.029,-0.000
0.083,0.078,0.207
-0.204,-0.029,-0.331
-0.212,-0.053,-0.567
-0.138,-0.070,-0.163
0.362,0.242,0.882
0.305,0.168,0.568
-0.188,-0.037,-0.293
-0.212,-0.193,-0.548
0.116,0.070,0.152
-0.352,-0.094,-0.664
0.001,0.012,0.135
0.034,-0.004,0.024
-0.319,-0.062,-0.569
-0.106,-0.053,-0.378
0.018,0.029,-0.009
0.354,0.144,0.710
0.288,0.185,0.644
-0.294,-0.127,-0.432
0.116,0.135,0.233
0.108,0.103,0.221
0.346,0.152,0.692
-0.097,-0.053,-0.356
-0.245,-0.037,-0.545
-0.007,-0.094,-0.080
-0.368,-0.135,-0.642
0.075,-0.029,0.151
-0.032,-0.103,-0.067
-0.188,-0.029,-0.240
-0.401,-0.160,-0.625
-0.171,-0.160,-0.526
0.346,0.299,0.820
0.370,0.127,0.708
-0.196,-0.045,-0.267
-0.270,-0.070,-0.635
0.206,0.070,0.260
-0.196,-0.021,-0.284
0.370,0.094,0.633
0.182,0.086,0.396
0.034,0.004,0.223
0.313,0.078,0.677
0.083,-0.021,0.009
0.288,0.258,0.750
-0.368,-0.144,-0.681
-0.245,-0.217,-0.670
0.018,0.094,0.049
-0.163,-0.152,-0.133
0.050,0.045,0.080
0.338,0.242,0.700
-0.073,-0.062,-0.195
0.001,-0.012,-0.167
0.370,0.275,0.887
-0.229,-0.152,-0.634
-0.138,-0.070,-0.079
0.264,0.242,0.539
-0.155,-0.144,-0.396
0.346,0.275,0.863
-0.368,-0.111,-0.567
-0.106,-0.078,-0.028
0.198,0.103,0.385
0.379,0.267,0.874
-0.368,-0.152,-0.558
0.100,0.103,0.116
-0.393,-0.193,-0.724
-0.048,-0.070,-0.084
0.042,0.078,0.106
-0.385,-0.168,-0.616
-0.122,-0.078,-0.360
-0.294,-0.053,-0.651
-0.220,-0.094,-0.495
-0.073,-0.062,-0.219
0.223,0.119,0.457
0.075,0.111,0.220
0.059,0.029,0.032
0.165,-0.045,0.186
0.116,-0.045,0.035
0.321,0.144,0.574
0.297,0.152,0.495
-0.335,-0.111,-0.660
0.149,0.004,0.164
0.190,0.053,0.265
0.001,0.045,0.038
-0.138,-0.135,-0.506
-0.261,-0.209,-0.566
-0.179,-0.152,-0.383
0.149,-0.062,0.048
0.173,-0.029,0.197
0.288,0.168,0.574
0.288,0.135,0.624
-0.270,-0.152,-0.665
0.198,0.135,0.446
0.239,0.168,0.613
0.329,0.176,0.846
0.329,0.094,0.607
-0.007,0.053,0.113
0.214,0.094,0.342
-0.212,-0.103,-0.455
0.247,0.226,0.520
0.354,0.135,0.729
0.223,0.135,0.511
-0.188,-0.012,-0.451
0.329,0.217,0.853
-0.032,-0.070,-0.146
-0.319,-0.135,-0.496
0.173,-0.004,0.188
-0.302,-0.045,-0.511
-0.237,-0.012,-0.438
-0.401,-0.144,-0.725
0.173,0.012,0.370
0.272,0.119,0.591
-0.188,-0.111,-0.468
0.346,0.168,0.604
0.132,0.070,0.330
0.305,0.185,0.879
0.067,0.053,0.130
-0.179,-0.070,-0.470
0.124,0.037,0.328
0.264,0.062,0.587
-0.270,-0.193,-0.473
0.132,0.103,0.389
-0.147,-0.119,-0.385
0.091,-0.045,0.289
0.141,-0.012,0.122
-0.007,0.020,-0.018
-0.179,-0.135,-0.434
-0.114,-0.094,-0.300
0.124,0.012,0.098
-0.015,-0.078,-0.052
0.165,0.127,0.389
-0.204,-0.160,-0.513
0.165,0.053,0.270
0.264,0.037,0.477
-0.204,-0.193,-0.525
0.198,0.078,0.398
0.009,-0.021,-0.042
-0.294,-0.078,-0.557
0.305,0.217,0.582
-0.089,-0.094,-0.145
-0.253,-0.029,-0.532
0.214,0.201,0.524
-0.385,-0.185,-0.679
-0.138,-0.144,-0.458
0.042,-0.045,0.090
-0.007,-0.004,0.040
0.149,-0.021,0.290
-0.007,-0.045,-0.125
0.157,0.053,0.188
0.198,-0.004,0.275
-0.344,-0.045,-0.525
-0.311,-0.209,-0.592
0.354,0.226,0.841
0.256,0.152,0.604
0.132,0.029,0.097
-0.344,-0.070,-0.609
0.379,0.144,0.674
-0.278,-0.021,-0.622
0.001,-0.004,-0.140
-0.188,-0.160,-0.467
0.059,-0.053,0.086
-0.261,-0.160,-0.598
-0.032,-0.004,0.487
-0.171,-0.176,-0.460
-0.253,-0.193,-0.578
-0.171,-0.176,-0.583
0.338,0.111,0.735
0.157,0.119,0.418
0.165,0.086,0.334
0.264,0.242,0.868
-0.212,-0.168,-0.629
-0.434,-0.201,-0.662
-0.204,-0.029,-0.538
-0.163,-0.127,-0.422
-0.286,-0.193,-0.664
0.034,0.053,0.142
0.206,-0.012,0.430
-0.155,-0.168,-0.426
0.231,0.111,0.665
0.305,0.160,0.818
-0.278,-0.053,-0.638
-0.163,-0.168,-0.484
-0.253,-0.070,-0.599
0.165,-0.029,0.138
0.042,-0.078,-0.049
0.354,0.242,0.799
-0.089,-0.078,-0.200
0.173,0.086,0.442
-0.327,-0.127,-0.640
0.223,0.127,0.527
-0.089,-0.053,-0.341
-0.270,-0.070,-0.508
0.346,0.291,0.745
-0.401,-0.111,-0.727
0.026,-0.094,-0.023
0.100,0.053,0.105
-0.204,-0.012,-0.562
0.124,-0.012,0.066
0.067,-0.094,-0.019
0.034,0.086,0.090
0.149,0.004,0.093
-0.311,-0.144,-0.733
0.190,0.062,0.557
-0.237,-0.021,-0.530
-0.163,-0.086,-0.395
-0.327,-0.078,-0.691
0.321,0.217,0.748
-0.311,-0.053,-0.608
0.206,-0.012,0.148
0.190,0.094,0.501
0.338,0.103,0.672
-0.229,-0.021,-0.567
0.247,0.078,0.587
0.083,0.004,0.072
-0.311,-0.160,-0.718
0.124,-0.037,0.106
-0.352,-0.127,-0.739
0.190,0.070,0.478
0.026,-0.037,0.009
0.256,0.078,0.532
0.100,-0.012,0.088
-0.179,-0.144,-0.505
0.305,0.234,0.671
-0.179,-0.127,-0.410
0.272,0.053,0.545
0.206,0.119,0.388
-0.032,-0.094,0.053
0.059,0.062,0.048
0.346,0.275,0.726
0.157,0.045,0.410
0.182,0.029,0.187
-0.163,-0.086,-0.488
0.206,0.078,0.435
0.354,0.226,0.883
0.075,0.086,0.094
0.042,0.029,0.066
-0.155,-0.185,-0.584
-0.302,-0.029,-0.629
0.231,0.103,0.325
0.190,0.094,0.354
0.206,0.086,0.378
-0.319,-0.094,-0.634
-0.393,-0.185,-0.618
0.370,0.209,0.844
-0.122,-0.103,-0.324
0.165,-0.004,0.082
0.288,0.103,0.623
0.231,0.217,0.527
-0.401,-0.168,-0.718
0.009,0.062,0.017
0.165,0.103,0.432
-0.155,-0.094,-0.431
-0.048,-0.086,-0.139
0.297,0.267,0.838
0.083,0.037,0.037
-0.040,-0.103,-0.038
0.239,0.168,0.543
0.272,0.176,0.574
0.067,-0.045,-0.022
0.182,0.111,0.378
-0.278,-0.119,-0.723
-0.229,-0.004,-0.583
0.116,0.111,0.271
0.050,0.062,0.171
0.132,0.070,0.172
-0.327,-0.209,-0.679
0.321,0.152,0.792
0.206,0.152,0.477
-0.319,-0.070,-0.655
0.124,0.086,0.238
-0.073,-0.103,-0.180
-0.147,-0.119,-0.441
-0.376,-0.168,-0.598
-0.261,-0.078,-0.530
-0.130,-0.111,-0.198
0.157,0.103,0.283
0.116,0.094,0.254
0.001,-0.037,-0.107
0.231,0.160,0.584
0.075,-0.004,0.010
-0.032,-0.111,-0.108
0.247,0.078,0.513
0.247,0.045,0.535
-0.352,-0.078,-0.677
-0.023,-0.078,-0.126
0.206,0.062,0.303
0.091,0.119,0.181
-0.155,-0.168,-0.529
-0.023,-0.053,-0.135
-0.015,-0.029,0.073
0.313,0.209,0.649
-0.352,-0.217,-0.604
-0.015,-0.045,-0.095
0.091,-0.021,0.028
-0.270,-0.062,-0.610
0.231,0.086,0.306
-0.007,0.045,0.002
-0.352,-0.185,-0.654
0.264,0.062,0.530
0.198,0.135,0.511
0.264,0.127,0.405
0.231,0.094,0.452
-0.007,0.062,0.130
-0.188,-0.135,-0.355
-0.220,-0.103,-0.252
0.313,0.127,0.665
-0.056,-0.070,-0.156
-0.237,-0.062,-0.527
0.288,0.045,0.507
0.305,0.226,0.806
0.247,0.103,0.344
-0.294,-0.127,-0.713
-0.245,-0.053,-0.601
0.239,0.152,0.517
-0.302,-0.070,-0.506
0.075,-0.053,0.097
-0.327,-0.078,-0.553
-0.270,-0.185,-0.652
0.223,0.094,0.433
-0.368,-0.086,-0.704
-0.311,-0.037,-0.654
-0.097,-0.111,-0.122
-0.007,0.004,0.066
0.272,0.045,0.495
-0.097,-0.111,-0.196
0.100,0.103,0.320
-0.048,-0.045,-0.133
0.034,-0.103,-0.054
0.305,0.070,0.570
0.313,0.176,0.896
0.059,-0.037,0.096
-0.278,-0.217,-0.583
0.354,0.185,0.870
0.321,0.258,0.853
0.198,0.119,0.575
0.116,0.094,0.345
0.214,0.029,0.357
-0.188,-0.053,-0.344
0.305,0.242,0.784
0.042,0.070,0.053
-0.196,-0.094,-0.556
-0.212,-0.144,-0.577
-0.048,0.012,-0.033
-0.376,-0.094,-0.664
-0.385,-0.127,-0.623
-0.196,-0.045,-0.449
-0.417,-0.160,-0.743
0.149,0.094,0.452
-0.327,-0.201,-0.564
-0.229,-0.045,-0.451
0.206,0.045,0.342
-0.188,-0.012,-0.540
-0.319,-0.053,-0.641
0.346,0.258,0.736
-0.179,-0.029,-0.525
-0.245,-0.070,-0.442
-0.286,-0.078,-0.652
-0.278,-0.029,-0.506
0.026,-0.094,0.012
0.288,0.168,0.844
0.264,0.152,0.746
0.149,-0.029,0.102
-0.196,-0.168,-0.530
0.009,-0.078,-0.088
0.075,-0.045,0.130
0.001,0.020,0.079
0.206,0.078,0.566
-0.294,-0.226,-0.610
0.149,0.070,0.207
-0.311,-0.053,-0.662
-0.442,-0.209,-0.732
-0.385,-0.144,-0.518
0.083,-0.045,0.069
-0.179,-0.021,-0.510
-0.138,-0.062,-0.318
0.288,0.127,0.574
0.083,0.094,0.188
0.026,0.037,0.127
0.288,0.250,0.779
0.009,0.012,-0.022
-0.294,-0.119,-0.630
0.182,0.144,0.451
0.280,0.062,0.750
0.370,0.152,0.650
-0.344,-0.070,-0.691
-0.130,-0.119,-0.390
-0.270,-0.037,-0.598
-0.467,-0.234,-0.733
0.067,-0.053,0.115
-0.147,-0.127,-0.181
0.223,0.053,0.383
-0.147,-0.119,-0.255
-0.130,-0.094,-0.060
-0.122,-0.070,-0.377
0.059,-0.053,0.202
0.149,-0.053,0.104
-0.073,-0.086,-0.042
0.264,0.234,0.592
-0.278,-0.053,-0.544
0.305,0.111,0.546
-0.376,-0.103,-0.724
-0.212,-0.045,-0.492
0.280,0.127,0.612
0.009,0.037,0.058
0.206,0.160,0.501
-0.171,-0.160,-0.570
0.338,0.176,0.774
-0.360,-0.111,-0.713
-0.368,-0.226,-0.671
0.206,0.103,0.365
0.338,0.226,0.722
-0.302,-0.201,-0.680
0.247,0.127,0.434
-0.106,-0.062,-0.341
0.182,-0.021,0.153
-0.294,-0.201,-0.617
0.387,0.160,0.806
0.026,-0.045,0.042
0.329,0.250,0.876
-0.007,-0.004,-0.054
0.050,0.103,0.127
0.239,0.111,0.371
-0.163,-0.078,-0.232
-0.352,-0.168,-0.534
0.173,-0.004,0.277
-0.179,-0.086,-0.411
0.173,0.045,0.211
-0.196,-0.168,-0.334
-0.294,-0.094,-0.567
0.059,-0.062,0.022
-0.385,-0.193,-0.589
0.141,0.086,0.365
0.214,0.152,0.541
-0.327,-0.078,-0.578
-0.368,-0.135,-0.738
-0.056,-0.062,-0.190
-0.327,-0.209,-0.660
-0.171,-0.119,-0.508
0.370,0.226,0.779
0.059,-0.062,0.045
-0.032,0.037,-0.012
-0.147,-0.062,-0.365
-0.278,-0.168,-0.612
0.280,0.217,0.588
0.206,0.037,0.419
-0.253,-0.111,-0.629
0.190,0.070,0.525
0.264,0.086,0.547
0.223,0.176,0.458
-0.089,-0.062,-0.127
-0.393,-0.168,-0.649
-0.253,-0.152,-0.540
0.387,0.135,0.777
-0.220,-0.004,-0.261
0.338,0.119,0.598
-0.253,-0.078,-0.553
0.379,0.127,0.743
-0.385,-0.201,-0.739
-0.270,-0.217,-0.654
0.009,0.004,-0.043
0.247,0.193,0.549
0.214,0.037,0.396
0.264,0.185,0.503
-0.302,-0.201,-0.637
-0.335,-0.111,-0.638
-0.360,-0.226,-0.698
0.026,0.062,0.089
0.124,0.037,0.159
0.108,0.029,0.300
0.116,0.127,0.299
-0.261,-0.119,-0.414
0.001,0.070,0.113
0.083,0.004,0.041
-0.335,-0.168,-0.721
-0.089,-0.078,-0.230
0.362,0.111,0.674
-0.294,-0.135,-0.735
0.329,0.094,0.565
0.018,-0.012,-0.145
-0.319,-0.111,-0.702
0.116,0.119,0.354
0.018,-0.053,-0.071
-0.335,-0.086,-0.679
0.321,0.111,0.714
-0.212,-0.201,-0.642
-0.294,-0.045,-0.561
-0.188,-0.111,-0.526
0.329,0.152,0.610
0.108,0.119,0.135
-0.270,-0.012,-0.597
0.354,0.193,0.657
0.149,-0.053,0.144
-0.040,-0.004,-0.040
0.321,0.111,0.552
0.338,0.086,0.619
0.190,0.029,0.255
0.009,-0.078,-0.019
0.157,0.012,0.253
-0.188,-0.037,-0.497
-0.286,-0.209,-0.633
-0.237,-0.021,-0.454
-0.360,-0.135,-0.702
0.108,-0.004,0.049
0.042,0.053,0.044
0.256,0.103,0.364
0.264,0.226,0.648
-0.179,-0.021,-0.389
0.001,-0.070,0.036
0.182,0.078,0.510
0.264,0.201,0.517
0.116,-0.053,0.121
-0.122,-0.053,-0.388
0.370,0.168,0.738
0.272,0.086,0.526
0.346,0.226,0.860
0.272,0.160,0.493
0.379,0.111,0.646
0.329,0.119,0.567
0.223,0.193,0.511
-0.409,-0.209,-0.720
-0.253,-0.127,-0.365
0.124,0.094,0.186
0.338,0.127,0.696
0.165,-0.037,0.115
0.108,0.029,0.046
-0.229,-0.062,-0.494
0.288,0.250,0.874
-0.409,-0.185,-0.727
0.149,0.119,0.363
-0.286,-0.037,-0.474
0.223,0.201,0.632
0.362,0.176,0.896
-0.245,-0.168,-0.540
-0.302,-0.176,-0.613
-0.204,-0.053,-0.509
0.264,0.234,0.796
0.149,-0.029,0.167
-0.237,-0.078,-0.580
0.329,0.267,0.896
-0.335,-0.144,-0.526
0.141,-0.037,0.116
-0.007,-0.053,-0.079
0.091,0.111,0.097
0.223,0.119,0.651
-0.475,-0.176,-0.702
0.346,0.299,0.879
0.264,0.119,0.707
0.370,0.094,0.682
0.206,0.119,0.469
-0.417,-0.160,-0.721
-0.212,-0.176,-0.557
0.297,0.062,0.604
-0.015,-0.111,-0.100
0.141,-0.021,0.056
0.231,0.045,0.418
0.190,0.004,0.248
0.091,0.020,0.327
0.091,0.094,0.251
-0.130,-0.119,-0.340
-0.089,-0.062,-0.281
0.182,0.127,0.505
0.108,-0.045,0.015
0.354,0.119,0.605
0.321,0.160,0.672
-0.401,-0.193,-0.667
0.297,0.275,0.695
-0.220,-0.168,-0.603
-0.220,-0.078,-0.552
-0.147,-0.160,-0.568
0.231,0.045,0.460
-0.376,-0.078,-0.614
-0.327,-0.078,-0.596
0.149,-0.012,0.075
-0.032,-0.037,0.063
-0.319,-0.185,-0.609
-0.188,-0.094,-0.259
0.050,-0.053,-0.045
-0.311,-0.045,-0.547
0.050,0.062,0.124
0.173,0.020,0.117
0.313,0.144,0.690
0.297,0.176,0.544
0.124,0.103,0.204
-0.188,-0.135,-0.567
0.329,0.152,0.865
0.001,-0.103,-0.048
0.059,0.094,0.141
0.321,0.062,0.551
-0.294,-0.094,-0.672
-0.106,-0.070,-0.292
-0.261,-0.185,-0.688
-0.311,-0.201,-0.611
-0.122,-0.103,-0.258
-0.237,-0.111,-0.361
-0.270,-0.209,-0.621
0.214,0.111,0.483
-0.089,-0.086,0.043
0.231,0.070,0.369
-0.220,-0.111,-0.607
-0.229,-0.201,-0.561
0.346,0.299,0.771
0.231,0.103,0.646
-0.516,-0.185,-0.706
0.108,-0.037,0.096
0.338,0.078,0.650
0.305,0.226,0.863
-0.056,-0.070,-0.038
-0.270,-0.111,-0.672
-0.122,-0.094,-0.170
-0.368,-0.103,-0.589
-0.212,-0.119,-0.506
0.173,0.070,0.311
0.354,0.168,0.856
-0.294,-0.176,-0.521
0.214,0.119,0.545
-0.163,-0.135,-0.559
0.165,0.020,0.170
0.042,0.103,0.187
0.346,0.193,0.845
-0.360,-0.168,-0.702
0.067,-0.045,-0.002
0.223,0.086,0.279
0.173,0.062,0.296
0.362,0.258,0.836
-0.138,-0.144,-0.292
-0.138,-0.078,-0.210
-0.081,-0.094,-0.192
0.247,0.209,0.501
0.288,0.119,0.426
0.173,-0.004,0.324
0.083,-0.062,-0.005
-0.302,-0.062,-0.555
0.280,0.193,0.532
0.190,0.078,0.249
0.009,-0.053,0.130
0.132,-0.029,0.236
-0.253,-0.103,-0.654
-0.155,-0.135,-0.452
0.173,0.004,0.216
-0.302,-0.193,-0.731
0.190,0.037,0.284
0.034,0.103,0.055
-0.065,-0.037,-0.295
0.288,0.283,0.723
0.338,0.144,0.667
-0.023,-0.012,-0.199
0.346,0.242,0.825
0.042,0.086,0.147
0.231,0.201,0.557
0.042,0.045,0.025
0.173,0.029,0.307
-0.171,-0.062,-0.336
-0.319,-0.045,-0.492
-0.229,-0.045,-0.421
-0.335,-0.094,-0.707
-0.344,-0.070,-0.631
-0.245,-0.209,-0.505
-0.352,-0.086,-0.601
0.018,0.070,0.067
0.042,-0.004,0.005
-0.344,-0.111,-0.615
0.264,0.160,0.478
-0.393,-0.168,-0.695
-0.253,-0.201,-0.604
-0.122,-0.070,-0.174
-0.212,-0.029,-0.400
-0.368,-0.209,-0.632
-0.253,-0.185,-0.540
0.321,0.127,0.616
0.009,-0.053,0.001
-0.393,-0.160,-0.583
0.313,0.135,0.561
0.141,-0.012,0.160
0.001,-0.021,0.103
0.305,0.127,0.534
-0.294,-0.053,-0.598
0.165,0.135,0.474
-0.196,-0.086,-0.540
0.370,0.168,0.810
0.239,0.135,0.506
-0.220,-0.168,-0.572
-0.319,-0.094,-0.696
0.108,0.004,0.069
0.214,0.053,0.435
0.338,0.168,0.579
0.223,0.185,0.580
0.182,-0.029,0.079
0.075,0.062,0.078
0.214,0.086,0.596
0.329,0.168,0.885
-0.417,-0.201,-0.745
-0.171,-0.062,-0.035
-0.409,-0.135,-0.550
-0.409,-0.160,-0.703
0.149,0.086,0.429
0.042,-0.029,0.137
-0.220,-0.021,-0.583
0.165,0.111,0.365
-0.401,-0.119,-0.623
0.190,0.004,0.451
-0.040,-0.086,-0.124
0.173,0.020,0.260
0.116,0.004,0.149
-0.007,-0.070,-0.104
-0.188,-0.185,-0.598
0.313,0.176,0.863
0.075,0.086,0.273
-0.401,-0.209,-0.740
0.247,0.152,0.477
-0.294,-0.152,-0.536
-0.253,-0.168,-0.513
0.329,0.160,0.715
-0.327,-0.176,-0.744
-0.163,-0.094,-0.449
0.034,-0.037,0.174
0.321,0.234,0.659
0.190,0.144,0.476
0.247,0.062,0.592
0.231,0.185,0.527
-0.097,-0.062,-0.236
0.305,0.078,0.534
-0.319,-0.168,-0.643
0.124,-0.004,0.191
-0.302,-0.078,-0.491
0.165,0.086,0.277
0.272,0.185,0.631
-0.352,-0.094,-0.584
-0.097,-0.103,-0.079
0.305,0.258,0.814
0.256,0.168,0.588
-0.417,-0.176,-0.693
0.321,0.209,0.594
-0.245,-0.045,-0.475
-0.147,-0.094,-0.239
0.338,0.250,0.750
-0.286,-0.127,-0.448
0.338,0.283,0.885
0.165,0.070,0.497
0.338,0.144,0.773
0.329,0.226,0.872
-0.311,-0.135,-0.469
0.182,0.053,0.232
0.256,0.094,0.506
0.264,0.217,0.561
0.050,-0.045,0.055
0.338,0.152,0.816
0.354,0.086,0.594
-0.147,-0.135,-0.244
0.362,0.242,0.820
-0.270,-0.078,-0.492
0.297,0.193,0.847
0.075,-0.053,0.151
-0.278,-0.127,-0.682
0.132,0.086,0.161
0.313,0.209,0.885
-0.163,-0.086,-0.354
-0.237,-0.160,-0.577
0.198,0.103,0.412
-0.311,-0.062,-0.523
-0.393,-0.160,-0.666
0.346,0.217,0.819
-0.196,-0.127,-0.453
0.321,0.152,0.890
-0.294,-0.127,-0.588
0.018,-0.078,0.032
-0.237,-0.062,-0.565
-0.171,-0.176,-0.551
0.083,0.020,-0.005
-0.106,-0.103,-0.153
0.182,0.135,0.400
-0.114,-0.086,-0.128
-0.032,-0.078,-0.014
0.198,0.037,0.367
0.239,0.127,0.691
0.198,0.012,0.372
0.001,0.053,0.072
-0.417,-0.168,-0.656
-0.302,-0.185,-0.563
-0.344,-0.094,-0.641
-0.253,-0.062,-0.491
0.280,0.127,0.454
0.338,0.176,0.668
-0.171,-0.176,-0.515
0.001,-0.021,-0.151
0.313,0.103,0.645
-0.106,-0.078,-0.259
0.091,0.020,0.105
0.132,0.045,0.216
0.214,0.111,0.402
0.272,0.201,0.567
-0.229,-0.094,-0.296
0.305,0.094,0.524
0.362,0.135,0.768
-0.007,-0.045,0.002
-0.270,-0.193,-0.533
0.379,0.160,0.865
0.059,-0.021,0.087
-0.138,-0.094,-0.389
0.059,0.103,0.174
0.297,0.086,0.577
-0.155,-0.127,-0.272
-0.106,-0.070,-0.135
-0.426,-0.201,-0.646
-0.229,-0.045,-0.514
-0.302,-0.086,-0.543
-0.171,-0.062,-0.256
-0.286,-0.029,-0.609
0.313,0.226,0.598
-0.344,-0.135,-0.679
0.256,0.053,0.516
0.313,0.152,0.508
-0.147,-0.086,-0.157
-0.196,-0.152,-0.486
-0.171,-0.127,-0.536
0.198,0.135,0.419
-0.393,-0.193,-0.698
0.124,-0.029,0.128
0.288,0.070,0.549
0.034,0.037,0.104
-0.212,-0.053,-0.546
0.198,0.020,0.209
0.116,0.111,0.311
0.009,0.004,0.031
0.132,0.078,0.282
0.370,0.185,0.849
0.297,0.086,0.640
0.297,0.217,0.612
-0.130,-0.152,-0.546
-0.023,-0.094,-0.052
-0.360,-0.176,-0.722
0.354,0.267,0.714
-0.023,0.020,-0.004
0.067,-0.037,0.076
0.059,0.045,0.117
0.034,0.004,-0.098
0.042,-0.012,-0.026
0.050,0.012,-0.061
0.149,0.045,0.130
-0.179,-0.078,-0.261
-0.015,0.045,0.071
0.182,0.152,0.419
-0.147,-0.094,-0.295
0.075,0.062,0.187
-0.401,-0.127,-0.677
-0.253,-0.185,-0.508
-0.114,-0.070,-0.220
0.264,0.062,0.472
-0.360,-0.144,-0.575
0.165,0.103,0.471
-0.311,-0.029,-0.572
0.100,0.012,0.037
0.305,0.209,0.691
0.231,0.144,0.476
0.297,0.135,0.450
-0.278,-0.029,-0.571
0.256,0.111,0.565
0.050,0.086,0.170
0.173,0.094,0.301
0.346,0.258,0.699
0.214,0.185,0.536
0.018,-0.012,0.138
0.313,0.242,0.589
0.157,0.020,0.214
0.272,0.242,0.836
0.198,0.103,0.456
-0.319,-0.176,-0.715
-0.319,-0.062,-0.591
-0.179,-0.144,-0.582
0.223,0.078,0.509
0.214,0.070,0.334
-0.376,-0.201,-0.699
0.182,0.004,0.117
0.329,0.168,0.598
-0.015,-0.029,-0.202
0.338,0.168,0.830
-0.081,-0.103,-0.101
0.354,0.086,0.820
0.149,-0.012,0.194
-0.204,-0.037,-0.426
-0.130,-0.078,-0.193
0.108,-0.029,0.067
0.297,0.103,0.713
0.026,0.012,0.078
0.264,0.209,0.641
0.157,0.062,0.161
0.280,0.144,0.474
-0.212,-0.021,-0.456
0.288,0.160,0.522
0.247,0.086,0.646
-0.286,-0.062,-0.492
-0.163,-0.152,-0.452
-0.302,-0.209,-0.573
0.001,0.020,0.031
0.067,0.012,-0.041
0.338,0.201,0.688
0.346,0.258,0.805
0.190,0.078,0.225
-0.286,-0.070,-0.534
0.214,0.086,0.538
0.305,0.226,0.627
-0.229,-0.185,-0.576
-0.376,-0.119,-0.695
0.362,0.209,0.740
0.231,0.209,0.587
-0.311,-0.226,-0.728
0.100,-0.045,0.058
0.329,0.250,0.630
0.297,0.226,0.653
-0.385,-0.135,-0.675
-0.261,-0.037,-0.518
-0.245,-0.029,-0.583
0.149,-0.037,0.131
0.059,-0.045,0.030
0.075,-0.029,0.089
-0.040,-0.037,-0.102
-0.294,-0.111,-0.704
0.321,0.160,0.742
0.346,0.193,0.633
0.075,0.037,0.068
-0.229,-0.160,-0.534
-0.376,-0.185,-0.704
-0.286,-0.168,-0.667
-0.015,-0.078,-0.090
0.124,0.103,0.424
0.305,0.160,0.544
-0.056,-0.070,-0.102
0.272,0.267,0.808
0.280,0.267,0.786
-0.426,-0.185,-0.711
0.214,0.168,0.484
0.313,0.152,0.847
0.083,-0.062,0.121
0.297,0.234,0.590
0.206,0.012,0.437
-0.278,-0.193,-0.618
-0.229,-0.135,-0.494
-0.106,-0.070,-0.050
0.321,0.193,0.891
-0.385,-0.119,-0.640
-0.138,-0.119,-0.410
-0.270,-0.037,-0.424
0.313,0.176,0.818
-0.237,-0.062,-0.585
0.329,0.152,0.698
-0.237,-0.193,-0.645
-0.114,-0.086,-0.157
-0.106,-0.111,-0.213
-0.171,-0.053,-0.363
0.346,0.086,0.699
0.091,-0.062,0.056
0.108,0.037,0.089
0.100,-0.037,0.031
-0.081,-0.062,-0.110
-0.204,-0.111,-0.543
-0.015,-0.037,-0.144
0.379,0.168,0.835
0.034,0.070,0.125
0.231,0.135,0.591
0.379,0.250,0.843
0.247,0.053,0.488
-0.253,-0.045,-0.446
-0.179,-0.086,-0.434
0.018,0.078,0.115
-0.212,-0.176,-0.537
0.042,-0.037,-0.028
0.370,0.160,0.714
0.157,0.053,0.238
0.124,0.045,0.091
-0.261,-0.160,-0.636
0.346,0.209,0.801
0.206,0.176,0.519
-0.138,-0.078,-0.440
-0.245,-0.103,-0.601
0.313,0.176,0.792
0.018,0.012,0.059
0.346,0.217,0.700
0.157,0.119,0.348
0.034,0.004,0.054
0.256,0.193,0.572
-0.426,-0.176,-0.732
-0.114,-0.078,-0.342
-0.294,-0.119,-0.493
0.075,-0.062,0.035
-0.048,-0.012,-0.060
-0.253,-0.176,-0.654
-0.065,-0.086,-0.162
-0.278,-0.103,-0.653
-0.163,-0.078,-0.466
0.214,0.029,0.488
-0.048,-0.062,-0.014
-0.163,-0.103,-0.465
-0.352,-0.094,-0.714
-0.196,-0.045,-0.533
-0.056,-0.103,-0.150
0.223,0.086,0.416
0.034,0.029,0.181
0.329,0.185,0.637
0.165,0.127,0.456
0.346,0.119,0.661
