x,y,t
0.108,0.096,0.783
-0.040,-0.077,-0.495
-0.040,-0.008,-0.260
-0.066,-0.077,-0.535
0.152,0.131,0.482
-0.022,-0.017,-0.143
0.012,0.288,0.569
-0.057,-0.103,-0.462
0.099,0.053,0.733
0.012,-0.103,-0.212
-0.144,-0.121,-0.665
0.073,0.166,0.912
-0.205,-0.130,-0.734
0.056,-0.086,-0.134
-0.144,-0.121,-0.644
-0.161,-0.130,-0.600
-0.161,-0.147,-0.510
0.125,0.010,0.356
-0.057,0.296,0.694
-0.040,-0.043,-0.356
-0.101,-0.051,-0.387
0.065,-0.086,0.055
0.082,-0.025,0.282
-0.057,0.314,0.781
0.082,0.253,0.273
-0.135,-0.138,-0.536
0.056,0.088,0.814
-0.196,-0.147,-0.473
-0.066,-0.034,-0.390
-0.066,0.314,0.717
-0.161,-0.138,-0.695
-0.135,-0.121,-0.624
-0.031,-0.121,-0.400
0.056,0.044,0.199
-0.083,-0.060,-0.443
-0.101,-0.095,-0.665
-0.022,-0.008,-0.246
-0.144,-0.130,-0.548
0.117,0.062,0.739
-0.109,-0.069,-0.486
-0.048,0.305,0.731
-0.022,-0.043,-0.329
0.065,0.053,0.687
-0.048,-0.008,-0.174
-0.022,-0.017,-0.249
0.047,-0.103,-0.154
-0.135,-0.112,-0.499
0.091,0.123,0.636
0.065,0.018,0.602
0.125,0.044,0.753
-0.074,-0.121,-0.423
0.073,0.036,0.721
0.039,0.044,0.182
0.073,0.044,0.690
-0.066,-0.017,-0.371
-0.005,0.018,-0.180
-0.101,-0.138,-0.471
0.047,-0.103,-0.253
0.047,-0.077,-0.142
-0.092,-0.077,-0.484
-0.022,-0.008,-0.291
0.021,-0.103,-0.301
0.004,0.305,0.640
0.091,0.018,0.560
0.152,0.105,0.609
-0.057,-0.103,-0.462
0.082,0.027,0.575
-0.179,-0.147,-0.601
-0.040,0.305,0.755
0.039,0.296,0.579
0.143,0.131,0.512
-0.179,-0.138,-0.728
-0.153,-0.138,-0.559
-0.101,-0.121,-0.464
0.047,0.244,0.322
-0.109,-0.051,-0.445
-0.066,-0.069,-0.295
-0.014,-0.008,-0.240
0.117,0.131,0.668
-0.048,-0.025,-0.287
0.117,0.149,0.749
0.125,0.027,0.671
-0.040,-0.017,-0.351
-0.005,-0.112,-0.365
-0.005,-0.130,-0.363
-0.101,-0.130,-0.544
-0.074,-0.043,-0.402
0.065,0.018,0.154
0.134,0.131,0.692
0.152,0.088,0.405
-0.101,-0.069,-0.411
-0.074,0.305,0.718
-0.066,-0.086,-0.576
-0.066,-0.043,-0.345
-0.187,-0.121,-0.710
-0.101,-0.077,-0.508
-0.005,-0.112,-0.249
0.030,-0.060,-0.017
-0.144,-0.138,-0.644
0.073,0.088,0.353
-0.153,-0.138,-0.622
0.108,-0.008,0.052
-0.092,-0.077,-0.484
0.091,0.018,0.560
0.082,0.010,0.654
-0.040,-0.138,-0.341
-0.014,-0.043,-0.237
0.082,0.027,0.732
0.056,0.044,0.706
-0.005,0.288,0.598
-0.048,-0.121,-0.448
0.091,0.070,0.815
-0.031,0.010,-0.301
-0.127,-0.103,-0.519
-0.101,-0.043,-0.432
0.056,0.062,0.213
0.004,-0.008,-0.266
-0.153,-0.138,-0.667
0.091,0.114,0.856
-0.048,-0.043,-0.376
-0.048,-0.043,-0.290
0.152,0.140,0.747
0.004,-0.130,-0.356
-0.048,-0.034,-0.290
0.091,0.027,0.568
-0.161,-0.138,-0.645
-0.014,0.001,-0.288
0.082,0.070,0.926
0.134,0.062,0.567
-0.101,-0.138,-0.560
0.004,-0.121,-0.274
-0.170,-0.147,-0.688
0.134,0.149,0.709
-0.109,-0.095,-0.683
-0.031,-0.138,-0.344
0.091,0.114,0.945
0.004,-0.051,-0.338
0.091,0.140,0.642
0.030,-0.051,-0.299
0.117,0.001,0.104
0.065,0.044,0.623
0.012,-0.121,-0.271
0.039,0.079,0.864
-0.057,0.314,0.704
-0.057,-0.025,-0.375
-0.057,-0.112,-0.484
0.073,0.044,0.730
-0.040,0.314,0.715
0.073,0.175,0.903
0.117,0.070,0.893
0.117,0.036,0.746
-0.109,-0.043,-0.431
0.108,0.131,0.672
-0.101,-0.112,-0.554
0.065,0.036,-0.165
-0.144,-0.121,-0.644
0.117,0.018,0.390
0.143,0.096,0.593
-0.092,-0.077,-0.384
-0.066,-0.043,-0.389
0.030,0.018,-0.150
-0.031,-0.008,-0.314
0.073,0.044,0.669
-0.170,-0.130,-0.605
0.125,0.209,0.054
-0.118,-0.112,-0.499
0.099,0.079,0.695
-0.118,-0.103,-0.589
0.065,-0.095,-0.136
0.047,0.079,0.831
-0.214,-0.156,-0.747
-0.048,-0.008,-0.354
-0.031,-0.069,-0.473
0.091,0.140,0.642
0.021,0.288,0.633
-0.101,-0.156,-0.539
0.030,0.018,-0.107
0.082,0.105,0.900
-0.005,-0.130,-0.363
0.065,0.262,0.310
-0.074,-0.112,-0.515
-0.161,-0.156,-0.638
0.012,-0.112,-0.256
-0.127,-0.095,-0.681
-0.074,-0.034,-0.290
0.047,0.027,0.201
-0.187,-0.147,-0.724
0.065,0.036,0.766
0.056,0.044,0.706
0.099,0.018,0.691
0.004,0.296,0.583
0.099,0.114,0.882
-0.040,-0.034,-0.277
0.056,-0.008,0.078
0.143,0.149,0.758
0.021,0.305,0.564
0.021,-0.077,-0.290
-0.057,-0.034,-0.380
0.030,-0.095,-0.211
0.108,0.044,0.222
-0.127,-0.130,-0.523
-0.109,-0.121,-0.433
0.065,0.027,0.609
0.012,0.010,-0.172
0.082,0.018,0.572
-0.066,-0.121,-0.486
0.134,0.027,0.233
0.134,0.114,0.539
0.039,-0.112,-0.265
-0.057,-0.034,-0.283
-0.083,-0.086,-0.587
0.056,-0.008,0.078
0.004,0.018,-0.227
0.039,-0.043,-0.233
0.082,0.062,-0.024
-0.040,-0.025,-0.288
-0.066,-0.051,-0.418
-0.005,-0.095,-0.343
-0.092,-0.130,-0.447
0.012,-0.112,-0.337
0.091,0.027,0.690
0.117,0.027,0.688
0.073,0.070,0.652
0.056,-0.095,-0.144
-0.057,-0.017,-0.296
0.099,0.123,0.591
-0.179,-0.147,-0.636
0.021,-0.112,-0.322
0.099,0.070,0.710
0.152,0.053,0.397
0.117,0.105,0.631
0.039,-0.043,-0.233
-0.066,-0.051,-0.287
0.125,0.053,0.702
0.143,0.157,0.688
-0.118,-0.138,-0.573
-0.153,-0.121,-0.570
-0.127,-0.138,-0.474
-0.014,-0.060,-0.404
-0.057,-0.043,-0.394
0.082,0.157,0.880
0.065,0.079,0.248
0.099,0.010,0.313
0.125,0.044,0.695
-0.092,-0.060,-0.378
-0.074,0.314,0.814
0.030,0.027,-0.230
-0.144,-0.138,-0.644
0.125,0.044,0.695
-0.040,-0.121,-0.442
-0.005,0.296,0.678
0.134,0.053,0.346
0.065,-0.095,-0.136
0.073,0.044,0.669
0.082,0.105,0.949
-0.144,-0.147,-0.564
0.004,-0.112,-0.360
0.091,0.044,0.718
-0.066,-0.121,-0.467
0.108,0.096,0.923
0.073,0.131,0.546
-0.092,-0.077,-0.384
0.082,0.036,0.595
0.082,0.027,0.651
0.039,0.296,0.665
-0.074,-0.121,-0.514
-0.005,-0.130,-0.381
0.143,0.053,0.357
-0.074,-0.121,-0.478
-0.066,-0.043,-0.389
-0.196,-0.121,-0.665
0.056,0.296,0.569
0.082,0.140,0.825
0.073,-0.112,-0.216
0.099,0.123,0.513
0.125,0.018,0.414
0.152,0.114,0.477
-0.118,-0.069,-0.415
-0.066,-0.103,-0.394
0.091,-0.069,-0.021
-0.022,0.010,-0.301
-0.179,-0.147,-0.621
0.065,-0.095,-0.229
-0.074,-0.069,-0.454
-0.179,-0.130,-0.637
-0.066,-0.112,-0.464
-0.092,-0.130,-0.546
-0.092,-0.095,-0.646
0.047,0.044,0.179
0.117,0.149,0.749
0.073,0.262,0.349
0.117,0.114,0.627
-0.214,-0.156,-0.726
-0.144,-0.121,-0.644
0.065,0.175,0.911
-0.005,-0.103,-0.366
-0.005,-0.008,-0.278
-0.040,-0.112,-0.365
-0.005,0.314,0.714
-0.109,-0.121,-0.571
0.065,-0.086,0.055
-0.031,-0.034,-0.229
-0.074,-0.043,-0.319
-0.014,-0.138,-0.391
0.056,-0.103,-0.152
0.117,0.053,0.737
-0.109,-0.156,-0.555
0.065,0.105,0.751
0.021,-0.095,-0.310
0.091,0.062,0.751
-0.135,-0.156,-0.595
0.073,0.036,0.721
0.030,0.096,0.924
-0.022,0.305,0.716
0.021,0.001,-0.225
0.125,0.018,0.623
0.073,-0.025,-0.099
-0.040,-0.112,-0.425
0.065,0.053,0.263
0.073,0.070,0.652
-0.057,0.314,0.704
-0.057,-0.060,-0.331
-0.101,-0.060,-0.454
0.134,0.070,0.609
-0.205,-0.156,-0.673
-0.205,-0.147,-0.733
0.082,0.053,-0.041
0.091,0.079,0.719
0.108,0.062,0.770
-0.074,-0.060,-0.338
-0.092,-0.138,-0.450
0.056,0.044,0.636
-0.005,0.001,-0.186
-0.092,-0.069,-0.365
0.073,0.010,0.210
-0.022,-0.017,-0.226
0.004,-0.095,-0.320
0.099,0.062,0.688
-0.057,-0.112,-0.456
0.134,0.044,0.316
0.117,0.209,0.003
0.021,-0.095,-0.232
-0.187,-0.156,-0.722
-0.083,0.314,0.738
0.021,-0.043,-0.276
0.039,0.018,-0.215
0.099,0.070,0.780
0.099,0.027,0.680
0.073,0.036,0.364
0.117,0.131,0.736
-0.118,-0.138,-0.592
-0.101,-0.130,-0.456
0.108,0.096,0.491
0.065,0.018,-0.156
-0.022,0.296,0.804
-0.066,-0.025,-0.323
0.082,0.096,0.970
-0.005,-0.103,-0.366
-0.153,-0.130,-0.668
0.056,-0.103,-0.023
-0.118,-0.130,-0.589
0.091,0.062,0.252
-0.205,-0.138,-0.704
0.065,0.036,0.234
-0.118,-0.077,-0.400
0.117,0.010,0.157
0.091,0.027,0.568
0.108,0.053,0.527
0.030,0.114,0.967
-0.048,-0.077,-0.492
-0.057,-0.112,-0.339
-0.040,-0.025,-0.349
-0.074,-0.043,-0.350
0.073,0.140,0.542
0.012,0.288,0.569
0.030,-0.086,-0.259
-0.083,0.305,0.747
-0.066,-0.147,-0.486
-0.048,-0.008,-0.259
-0.022,-0.130,-0.299
-0.109,-0.130,-0.481
0.082,0.279,0.495
0.125,0.070,0.467
0.065,0.244,0.318
0.125,0.131,0.618
0.004,-0.086,-0.330
-0.014,0.010,-0.292
0.099,0.044,0.582
0.143,0.131,0.681
0.125,0.149,0.640
0.065,-0.034,0.171
-0.022,-0.103,-0.333
-0.144,-0.130,-0.618
0.082,0.018,0.572
-0.022,-0.025,-0.331
-0.092,-0.051,-0.429
-0.022,0.296,0.804
-0.127,-0.112,-0.451
0.073,-0.017,0.155
0.082,-0.103,-0.198
0.056,0.262,0.304
0.065,0.175,0.911
0.082,-0.060,-0.001
0.091,-0.077,-0.128
0.117,0.131,0.770
-0.083,-0.077,-0.559
0.143,0.114,0.529
-0.144,-0.121,-0.644
0.134,0.036,0.308
-0.161,-0.147,-0.510
0.099,0.279,0.457
-0.031,-0.121,-0.301
0.134,0.123,0.529
0.082,0.123,0.554
-0.135,-0.138,-0.605
-0.109,-0.138,-0.574
0.004,0.018,-0.182
-0.144,-0.156,-0.614
0.117,0.010,0.157
0.056,0.123,0.736
-0.057,-0.017,-0.362
0.065,0.070,0.237
0.047,0.036,0.208
0.047,0.123,0.731
0.117,0.140,0.667
0.117,0.044,0.632
-0.153,-0.156,-0.631
0.065,0.027,0.173
0.039,-0.077,-0.255
-0.161,-0.138,-0.667
-0.083,-0.103,-0.364
0.012,0.036,-0.204
0.065,-0.034,0.171
-0.022,-0.112,-0.408
0.091,0.262,0.293
-0.005,0.010,-0.187
-0.014,0.018,-0.288
-0.118,-0.069,-0.486
0.117,0.096,0.845
-0.092,-0.043,-0.424
-0.153,-0.121,-0.570
0.047,-0.034,-0.183
-0.066,-0.051,-0.405
0.143,0.149,0.572
0.047,0.140,0.794
0.125,0.131,0.656
-0.109,-0.095,-0.478
0.152,0.131,0.524
-0.048,0.314,0.744
0.082,0.166,0.884
0.021,-0.008,-0.123
0.073,0.044,-0.021
-0.014,-0.060,-0.195
0.004,-0.008,-0.266
-0.031,-0.034,-0.229
0.091,0.262,0.293
0.047,0.070,0.816
0.021,0.288,0.633
-0.048,-0.130,-0.442
-0.014,-0.060,-0.195
0.091,0.018,0.131
0.012,-0.121,-0.199
0.012,-0.051,-0.305
0.108,0.018,0.180
-0.153,-0.147,-0.467
-0.014,-0.060,-0.195
-0.040,0.296,0.762
0.108,0.105,0.647
-0.187,-0.121,-0.653
-0.118,-0.069,-0.415
-0.040,-0.130,-0.443
0.091,0.044,0.582
-0.109,-0.095,-0.653
0.073,0.062,0.235
-0.066,0.314,0.772
0.030,-0.103,-0.298
-0.005,-0.060,-0.116
0.047,0.018,-0.069
-0.066,-0.051,-0.405
-0.074,-0.051,-0.339
0.047,0.018,-0.193
-0.048,-0.077,-0.524
0.082,0.062,0.263
-0.048,-0.077,-0.400
0.108,0.140,0.674
-0.040,0.305,0.659
-0.057,-0.130,-0.449
0.091,0.001,0.055
-0.048,-0.034,-0.312
-0.170,-0.138,-0.597
0.073,0.044,0.730
-0.231,-0.138,-0.684
-0.014,-0.147,-0.385
-0.014,0.305,0.609
0.099,0.027,0.536
0.012,0.296,0.585
0.056,0.140,0.800
0.047,0.296,0.579
0.117,0.062,0.515
0.047,0.183,0.963
-0.135,-0.095,-0.651
0.004,0.001,-0.202
0.021,0.305,0.564
-0.048,-0.112,-0.448
-0.048,-0.043,-0.376
-0.031,-0.034,-0.341
0.125,0.010,0.150
0.134,0.131,0.589
0.091,0.027,0.147
0.117,0.088,0.578
0.091,0.123,0.502
0.099,0.070,0.291
0.091,0.079,0.409
-0.031,-0.103,-0.357
-0.092,-0.121,-0.516
0.073,0.036,0.668
0.073,0.070,0.652
-0.048,-0.138,-0.458
-0.101,-0.147,-0.551
-0.048,-0.095,-0.464
-0.144,-0.147,-0.513
-0.135,-0.147,-0.607
0.021,0.036,-0.231
0.152,0.149,0.523
-0.005,0.010,-0.274
-0.022,-0.008,-0.320
0.065,0.088,0.769
0.021,0.096,0.964
-0.101,-0.077,-0.484
-0.014,-0.008,-0.145
0.073,0.036,0.019
0.152,0.123,0.607
-0.170,-0.147,-0.688
0.039,0.010,0.174
-0.161,-0.138,-0.645
0.082,0.253,0.348
0.117,0.070,0.526
-0.092,-0.130,-0.472
-0.022,-0.103,-0.333
-0.092,-0.077,-0.518
-0.101,-0.095,-0.665
0.143,0.123,0.511
0.073,0.096,0.941
-0.031,-0.121,-0.342
0.152,0.157,0.563
0.082,0.131,0.519
-0.048,-0.121,-0.355
0.108,0.027,0.519
-0.161,-0.138,-0.645
0.021,-0.130,-0.313
0.091,0.114,0.555
0.065,-0.112,-0.242
-0.040,-0.043,-0.296
0.004,0.010,-0.243
0.073,0.053,0.339
-0.127,-0.121,-0.612
-0.066,-0.043,-0.389
-0.127,-0.156,-0.481
0.125,0.036,0.689
0.152,0.096,0.394
-0.222,-0.138,-0.706
-0.092,-0.043,-0.342
0.117,0.018,0.390
-0.022,0.314,0.736
0.073,0.157,0.881
-0.040,-0.008,-0.332
-0.057,-0.130,-0.360
0.073,0.105,0.600
0.152,0.131,0.524
-0.066,0.314,0.704
0.056,0.070,0.673
-0.161,-0.112,-0.599
0.082,0.105,0.949
-0.083,-0.043,-0.352
0.108,0.079,0.333
0.091,0.010,0.607
-0.074,-0.112,-0.478
-0.014,-0.025,-0.223
-0.022,0.314,0.704
0.065,0.036,0.618
-0.014,-0.121,-0.395
0.065,0.027,0.685
0.143,0.123,0.662
-0.092,-0.034,-0.344
0.056,-0.095,-0.247
0.021,-0.112,-0.308
-0.040,-0.077,-0.334
0.091,-0.025,0.068
-0.022,-0.025,-0.270
0.082,-0.077,-0.177
-0.022,-0.008,-0.246
-0.031,-0.008,-0.244
0.056,0.027,0.222
0.056,0.053,0.644
0.134,0.018,0.302
-0.031,-0.112,-0.410
0.143,0.149,0.696
0.004,-0.069,-0.354
0.012,-0.112,-0.320
0.099,0.131,0.852
-0.127,-0.112,-0.451
-0.083,-0.017,-0.381
-0.022,0.010,-0.222
0.073,0.183,0.947
0.012,0.018,-0.215
0.134,0.070,0.609
-0.048,-0.034,-0.356
-0.144,-0.130,-0.548
-0.135,-0.138,-0.626
-0.005,0.296,0.598
-0.074,-0.069,-0.324
-0.040,-0.069,-0.493
-0.187,-0.147,-0.724
0.134,0.149,0.602
0.012,0.010,-0.143
-0.048,-0.008,-0.259
0.073,0.044,0.620
-0.057,-0.112,-0.456
-0.179,-0.130,-0.613
0.004,0.027,0.050
0.082,0.262,0.343
0.099,0.088,0.721
-0.214,-0.147,-0.754
-0.144,-0.130,-0.641
0.082,0.036,0.595
0.134,0.140,0.605
0.073,0.053,-0.022
-0.048,-0.051,-0.388
0.030,0.018,-0.150
-0.083,-0.156,-0.508
0.047,-0.077,-0.202
-0.144,-0.130,-0.548
0.091,0.027,0.626
0.030,0.018,-0.150
-0.179,-0.130,-0.637
0.065,0.027,-0.164
-0.092,-0.103,-0.530
-0.092,-0.077,-0.484
0.047,0.036,0.170
-0.118,-0.086,-0.508
-0.240,-0.147,-0.736
0.082,0.114,0.583
-0.074,-0.017,-0.386
0.021,-0.095,-0.310
0.039,0.114,0.929
-0.083,-0.112,-0.511
-0.127,-0.112,-0.724
-0.057,-0.086,-0.555
0.039,-0.095,-0.273
0.039,0.175,0.870
0.073,0.079,0.681
0.065,0.114,0.592
0.091,0.018,0.131
0.047,-0.043,-0.206
-0.083,-0.112,-0.420
-0.127,-0.077,-0.403
-0.057,-0.025,-0.304
0.065,0.036,0.234
0.073,0.062,0.760
-0.153,-0.121,-0.570
0.099,0.131,0.457
0.030,-0.121,-0.312
0.021,0.296,0.616
-0.048,0.010,-0.312
0.039,-0.060,-0.017
0.039,0.296,0.579
-0.109,-0.138,-0.478
0.152,0.209,0.018
0.117,0.088,0.716
-0.040,-0.130,-0.426
0.152,0.209,0.018
0.065,0.105,0.614
0.047,-0.112,-0.258
0.021,-0.008,-0.123
-0.205,-0.147,-0.640
0.082,0.062,0.628
0.082,0.036,0.595
0.143,0.036,0.672
-0.205,-0.138,-0.738
0.160,0.209,0.004
-0.074,-0.025,-0.377
0.117,0.131,0.668
0.039,-0.060,-0.222
-0.066,0.305,0.702
0.125,0.010,0.150
0.039,-0.069,-0.019
0.065,0.036,0.682
0.108,0.131,0.817
-0.040,0.314,0.733
-0.109,-0.077,-0.401
-0.005,0.296,0.598
-0.083,-0.086,-0.427
0.030,0.296,0.608
-0.022,0.314,0.736
-0.040,-0.130,-0.360
0.125,0.027,0.733
0.125,0.140,0.700
0.125,0.044,0.613
0.099,0.123,0.513
-0.074,-0.130,-0.424
-0.014,-0.103,-0.312
-0.109,-0.130,-0.585
-0.031,0.010,-0.207
0.004,0.018,-0.140
-0.048,-0.051,-0.267
0.012,-0.095,-0.305
0.099,0.096,0.605
0.056,0.131,0.759
0.073,-0.008,0.075
-0.118,-0.121,-0.587
-0.040,-0.034,-0.277
-0.161,-0.147,-0.578
0.065,0.062,0.660
0.082,0.053,-0.041
-0.083,-0.103,-0.527
0.004,-0.017,-0.130
0.091,0.079,0.893
0.039,-0.112,-0.159
-0.092,-0.095,-0.610
-0.040,-0.103,-0.346
0.004,0.305,0.605
-0.048,-0.008,-0.342
0.091,0.253,0.346
-0.048,-0.043,-0.376
0.065,-0.103,-0.230
0.004,0.027,-0.252
0.030,0.105,0.935
0.082,0.279,0.495
0.021,0.010,0.012
0.065,0.070,0.237
0.108,0.140,0.696
-0.074,-0.051,-0.367
0.012,0.027,-0.256
0.012,0.010,-0.251
0.039,0.131,0.761
0.073,0.305,0.652
-0.014,-0.103,-0.370
0.143,0.036,0.307
0.047,-0.008,0.160
0.004,0.305,0.585
0.091,0.018,0.617
0.125,0.044,0.753
-0.031,-0.017,-0.247
0.047,0.149,0.832
-0.101,-0.060,-0.370
0.056,-0.095,-0.028
0.091,0.010,0.607
-0.074,-0.017,-0.386
-0.040,-0.017,-0.246
0.021,0.018,-0.248
0.021,-0.112,-0.246
0.125,0.070,0.467
0.134,0.036,0.308
0.047,-0.095,-0.254
0.056,0.027,0.171
-0.066,-0.112,-0.419
0.073,0.053,0.679
-0.109,0.331,0.877
-0.022,-0.086,-0.391
0.134,0.166,0.708
0.021,-0.095,-0.296
0.073,0.018,0.026
0.073,0.088,0.926
-0.066,-0.138,-0.491
-0.083,-0.138,-0.450
-0.022,0.018,-0.302
-0.040,-0.069,-0.466
-0.092,-0.051,-0.371
0.065,0.149,0.856
0.099,0.123,0.861
0.091,0.036,0.714
0.099,0.001,0.054
-0.109,-0.051,-0.445
0.091,-0.008,0.051
0.030,-0.095,-0.294
-0.005,-0.103,-0.297
-0.109,-0.086,-0.596
0.108,0.070,0.691
0.082,0.262,0.289
0.117,0.010,0.709
0.117,0.079,0.514
0.108,0.096,0.623
-0.118,-0.069,-0.486
-0.005,-0.112,-0.378
-0.066,-0.156,-0.473
0.021,-0.069,-0.008
-0.057,0.305,0.748
0.108,0.027,0.719
0.004,-0.086,-0.330
-0.083,-0.086,-0.427
-0.101,-0.103,-0.480
-0.179,-0.147,-0.552
-0.153,-0.130,-0.668
0.125,0.036,0.273
0.143,0.131,0.544
0.082,0.036,-0.046
0.021,-0.121,-0.326
0.056,0.253,0.324
-0.109,-0.130,-0.585
0.091,0.131,0.769
-0.135,-0.121,-0.641
0.099,0.010,0.156
0.039,-0.103,-0.184
-0.022,-0.112,-0.295
0.030,0.001,-0.227
-0.118,-0.060,-0.468
-0.109,-0.095,-0.653
-0.057,-0.138,-0.401
-0.153,-0.112,-0.587
0.082,-0.077,-0.177
0.082,0.053,0.702
-0.040,-0.069,-0.206
-0.040,-0.025,-0.332
0.099,0.131,0.715
-0.057,-0.156,-0.465
-0.214,-0.147,-0.754
0.108,0.131,0.764
-0.031,-0.077,-0.480
0.047,-0.051,-0.023
0.082,0.157,0.957
0.047,-0.121,-0.256
-0.005,0.010,-0.274
-0.040,-0.034,-0.354
0.004,0.018,-0.182
0.004,-0.103,-0.348
-0.083,-0.051,-0.364
-0.022,0.001,-0.303
-0.144,-0.138,-0.644
0.091,0.079,0.719
-0.005,0.001,-0.284
0.091,0.079,0.290
-0.074,-0.103,-0.424
0.039,-0.103,-0.272
0.065,0.131,0.568
0.152,0.114,0.607
0.117,0.105,0.631
-0.118,-0.086,-0.573
-0.022,-0.017,-0.226
-0.022,0.305,0.627
0.125,0.123,0.574
0.030,0.027,-0.230
0.021,-0.121,-0.256
0.134,0.053,0.424
-0.109,-0.103,-0.474
0.082,0.149,0.524
0.047,0.131,0.757
-0.205,-0.147,-0.733
-0.127,-0.130,-0.607
-0.066,-0.130,-0.470
-0.101,-0.112,-0.532
0.065,0.018,0.241
-0.022,-0.025,-0.331
-0.170,-0.138,-0.696
-0.179,-0.147,-0.725
0.004,0.001,-0.271
0.117,0.044,0.712
-0.170,-0.138,-0.670
0.143,0.096,0.485
-0.066,-0.069,-0.437
0.117,0.053,0.643
-0.074,-0.025,-0.306
-0.031,-0.025,-0.241
0.082,-0.069,0.004
0.030,-0.103,-0.185
0.108,0.070,0.737
0.039,-0.069,-0.236
0.004,-0.008,-0.266
0.047,-0.077,-0.142
-0.074,-0.086,-0.572
0.004,-0.017,-0.264
0.047,0.001,0.160
-0.118,-0.130,-0.493
0.065,0.001,0.101
-0.127,-0.156,-0.575
0.012,-0.121,-0.341
0.039,0.123,0.938
0.108,0.131,0.764
0.125,0.131,0.712
-0.057,-0.156,-0.465
-0.092,-0.112,-0.555
0.004,-0.121,-0.358
0.091,0.140,0.790
-0.040,-0.008,-0.216
0.073,0.036,0.019
0.091,-0.017,0.348
-0.205,-0.147,-0.702
-0.127,-0.156,-0.481
-0.083,-0.077,-0.559
0.073,-0.025,-0.099
0.152,0.123,0.607
-0.014,-0.147,-0.385
0.039,0.079,0.864
-0.066,-0.025,-0.386
0.047,-0.060,-0.180
-0.144,-0.086,-0.521
0.117,0.044,0.632
0.047,0.296,0.579
-0.014,-0.138,-0.205
-0.214,-0.147,-0.673
0.065,0.218,0.968
0.091,0.062,0.751
0.108,0.114,0.860
-0.048,0.314,0.781
0.021,0.096,0.964
-0.005,0.001,-0.212
-0.144,-0.121,-0.512
-0.135,0.331,0.855
0.056,0.018,0.179
0.125,0.053,0.635
0.091,0.036,0.644
0.004,0.010,-0.275
-0.057,-0.130,-0.360
0.004,0.018,-0.257
-0.057,-0.077,-0.529
0.030,-0.086,-0.282
0.125,0.149,0.751
-0.092,-0.060,-0.447
0.152,0.131,0.482
-0.179,-0.147,-0.601
0.065,0.201,0.946
0.099,0.079,0.720
-0.066,-0.008,-0.371
0.143,0.192,-0.017
0.099,0.123,0.463
-0.057,-0.034,-0.370
0.125,0.114,0.578
0.065,-0.008,0.165
-0.057,0.314,0.753
0.047,0.183,0.963
-0.170,-0.138,-0.696
-0.170,-0.138,-0.670
0.117,0.018,0.190
-0.022,0.314,0.736
-0.179,-0.138,-0.587
-0.153,-0.138,-0.644
0.091,0.079,0.290
-0.031,0.001,-0.313
-0.022,0.010,-0.291
-0.083,-0.130,-0.509
-0.161,-0.147,-0.578
0.073,0.105,0.631
0.073,0.053,0.339
0.065,-0.103,-0.245
0.143,0.079,0.384
-0.118,-0.130,-0.415
-0.048,0.010,-0.200
-0.074,-0.121,-0.478
0.073,-0.025,0.187
-0.066,-0.121,-0.389
0.073,0.062,0.235
-0.014,0.018,-0.288
-0.083,-0.121,-0.452
0.134,0.149,0.575
0.082,-0.025,-0.069
-0.074,-0.060,-0.370
-0.101,-0.103,-0.480
-0.022,-0.017,-0.226
-0.187,-0.147,-0.637
-0.127,-0.112,-0.724
0.039,-0.086,-0.037
-0.231,-0.121,-0.698
-0.153,-0.147,-0.467
-0.040,-0.130,-0.327
-0.101,-0.130,-0.486
-0.022,0.010,-0.311
-0.074,-0.086,-0.572
-0.083,-0.103,-0.437
-0.066,-0.130,-0.470
0.047,-0.095,-0.179
-0.022,-0.008,-0.309
-0.066,-0.121,-0.467
-0.144,-0.130,-0.570
0.056,0.053,0.644
0.039,0.166,0.853
0.143,0.096,0.485
0.125,0.131,0.578
0.030,0.088,0.918
0.091,0.114,0.555
-0.040,-0.130,-0.327
-0.118,-0.112,-0.577
0.099,0.123,0.706
0.047,0.018,-0.069
0.012,-0.008,-0.141
0.117,0.096,0.586
-0.153,-0.130,-0.697
0.021,-0.121,-0.326
-0.057,-0.156,-0.465
0.073,0.027,0.585
-0.066,-0.008,-0.371
0.108,0.053,0.666
-0.101,-0.060,-0.317
0.082,0.123,0.554
0.143,0.070,0.643
0.065,0.053,0.629
-0.040,-0.147,-0.439
0.030,-0.103,-0.298
0.143,0.149,0.758
-0.074,-0.034,-0.327
0.030,-0.112,-0.298
0.065,0.001,0.216
0.030,0.018,-0.107
0.073,-0.017,0.155
0.134,0.036,0.683
0.152,0.123,0.446
-0.031,0.010,-0.319
-0.031,-0.077,-0.480
-0.057,-0.138,-0.476
0.091,0.131,0.769
-0.005,-0.008,-0.293
-0.022,-0.008,-0.309
-0.005,-0.060,-0.285
0.082,0.262,0.289
-0.101,-0.069,-0.362
-0.092,-0.138,-0.521
-0.040,-0.095,-0.425
-0.057,-0.034,-0.370
0.056,0.036,-0.088
0.056,0.088,0.814
0.004,-0.017,-0.130
0.108,0.036,0.720
0.091,0.079,0.893
-0.005,-0.008,-0.178
0.099,0.001,0.054
0.082,0.157,0.842
-0.083,-0.103,-0.437
-0.031,-0.103,-0.400
0.065,0.036,0.618
0.004,0.001,-0.179
-0.014,0.010,-0.292
0.047,0.096,0.865
-0.170,-0.103,-0.673
0.152,0.123,0.661
0.091,0.079,0.409
0.047,-0.095,-0.179
0.065,0.062,0.645
-0.118,-0.156,-0.555
-0.040,-0.077,-0.334
-0.109,-0.069,-0.486
-0.144,-0.138,-0.626
0.047,0.010,0.120
-0.005,-0.095,-0.366
0.004,-0.103,-0.329
0.073,-0.051,0.028
0.099,0.010,0.596
0.039,-0.112,-0.159
0.039,-0.112,-0.290
0.099,0.123,0.958
-0.161,-0.121,-0.719
-0.005,0.010,-0.288
0.065,0.001,0.216
-0.101,-0.130,-0.544
-0.031,0.305,0.656
-0.022,0.305,0.627
0.091,0.079,0.290
0.012,0.001,-0.155
0.065,-0.112,-0.242
-0.074,0.314,0.721
0.143,0.131,0.512
-0.048,-0.147,-0.456
0.143,0.149,0.758
0.012,0.001,0.248
-0.048,-0.034,-0.290
0.082,0.131,0.519
0.065,0.062,0.698
-0.127,-0.138,-0.586
-0.048,-0.008,-0.174
-0.118,-0.095,-0.687
0.047,0.027,-0.201
0.152,0.149,0.564
0.152,0.123,0.512
-0.066,-0.051,-0.418
-0.074,-0.034,-0.391
-0.048,-0.034,-0.312
0.021,-0.060,-0.329
-0.109,-0.095,-0.478
-0.048,0.001,-0.326
-0.118,-0.112,-0.446
-0.022,0.314,0.736
0.082,0.027,0.575
-0.092,-0.121,-0.460
0.125,0.140,0.805
0.125,0.079,0.498
0.091,-0.008,-0.005
0.082,0.010,0.654
-0.118,-0.103,-0.444
0.047,0.001,0.091
-0.135,-0.138,-0.626
-0.083,-0.130,-0.438
0.039,-0.086,0.018
-0.066,-0.121,-0.499
-0.144,-0.130,-0.511
0.073,0.027,-0.141
-0.074,-0.112,-0.419
0.047,-0.077,-0.202
-0.014,-0.008,-0.145
0.056,0.001,0.155
-0.014,-0.130,-0.286
-0.083,-0.103,-0.527
0.091,0.053,0.236
0.073,0.149,0.845
0.082,0.123,0.642
0.065,0.018,0.241
0.047,0.131,0.757
-0.048,0.305,0.731
0.021,-0.121,-0.256
-0.014,-0.121,-0.370
0.030,-0.043,-0.112
-0.048,-0.112,-0.329
-0.161,-0.138,-0.667
-0.014,-0.095,-0.362
0.030,0.010,0.108
-0.083,-0.086,-0.427
0.099,0.140,0.891
-0.048,-0.017,-0.363
0.030,-0.077,-0.268
0.056,0.062,0.716
0.099,-0.008,0.336
-0.179,-0.130,-0.576
0.039,0.175,0.870
0.030,-0.103,-0.217
0.099,0.114,0.700
0.082,0.262,0.390
-0.101,-0.147,-0.534
-0.040,-0.069,-0.493
0.021,0.305,0.564
-0.214,-0.164,-0.695
0.012,-0.103,-0.212
0.073,0.044,0.604
-0.161,-0.147,-0.648
0.012,-0.051,-0.333
0.039,-0.112,-0.265
0.082,0.062,0.648
-0.109,-0.121,-0.433
-0.109,-0.103,-0.500
-0.109,-0.138,-0.478
0.160,0.123,0.425
-0.048,0.010,-0.312
-0.048,-0.025,-0.234
-0.014,0.010,-0.193
0.073,0.166,0.884
-0.057,-0.077,-0.529
0.143,0.044,0.318
0.047,0.010,0.173
0.047,0.131,0.757
0.125,0.157,0.627
0.012,0.036,-0.204
-0.014,0.010,-0.302
-0.135,-0.121,-0.624
-0.101,-0.121,-0.548
-0.092,-0.130,-0.546
-0.048,-0.121,-0.448
0.012,0.010,-0.143
0.099,0.018,0.539
0.021,-0.121,-0.326
0.030,-0.069,-0.249
-0.022,-0.025,-0.270
-0.144,-0.138,-0.644
0.073,0.175,0.935
-0.031,-0.121,-0.342
-0.127,-0.130,-0.542
0.047,-0.043,-0.097
-0.048,-0.017,-0.295
-0.170,-0.112,-0.547
-0.057,-0.130,-0.413
-0.057,-0.077,-0.549
-0.092,-0.095,-0.610
0.073,0.036,-0.138
-0.118,-0.121,-0.587
0.047,-0.077,-0.202
0.134,0.018,0.302
0.082,0.088,0.975
0.099,0.027,0.536
-0.101,-0.069,-0.394
-0.083,-0.138,-0.523
0.117,0.036,0.621
0.082,0.036,0.676
0.134,0.131,0.740
-0.022,-0.112,-0.295
-0.231,-0.164,-0.731
-0.092,-0.043,-0.424
0.021,0.123,0.980
0.091,0.262,0.293
0.117,0.044,0.632
-0.022,-0.095,-0.398
0.073,-0.025,-0.099
-0.101,-0.069,-0.411
-0.074,-0.025,-0.265
0.056,-0.103,-0.235
0.047,0.305,0.557
-0.040,-0.130,-0.426
-0.083,-0.034,-0.397
-0.031,-0.147,-0.314
-0.109,-0.043,-0.349
0.117,0.149,0.657
-0.066,-0.103,-0.478
-0.074,-0.025,-0.331
-0.031,-0.017,-0.336
-0.048,0.001,-0.326
-0.153,-0.121,-0.656
0.125,0.044,0.753
-0.109,-0.051,-0.373
0.039,0.010,0.112
0.065,-0.077,-0.059
0.030,0.018,-0.209
0.056,0.131,0.759
-0.161,-0.130,-0.600
-0.170,-0.147,-0.587
-0.057,-0.034,-0.370
0.117,0.149,0.657
-0.179,-0.138,-0.621
0.082,0.096,0.301
-0.040,-0.130,-0.327
-0.153,-0.138,-0.586
0.091,-0.008,0.164
0.082,0.131,0.546
0.073,0.044,0.620
-0.101,-0.138,-0.545
0.021,-0.051,-0.326
-0.135,-0.147,-0.607
-0.118,-0.130,-0.493
-0.092,-0.112,-0.455
0.099,0.079,0.467
0.039,-0.051,-0.250
0.082,0.027,0.651
0.117,0.140,0.667
-0.083,-0.034,-0.397
-0.031,-0.095,-0.279
-0.153,-0.112,-0.550
0.082,0.027,0.258
-0.083,-0.130,-0.529
0.108,0.123,0.470
0.065,0.010,0.207
-0.057,-0.130,-0.393
0.125,0.044,0.332
-0.040,-0.103,-0.439
-0.101,-0.069,-0.394
0.117,0.053,0.487
-0.144,-0.095,-0.617
-0.048,-0.086,-0.520
0.004,0.296,0.583
-0.092,-0.034,-0.413
0.143,0.096,0.593
-0.074,-0.043,-0.319
0.152,0.105,0.394
0.004,-0.077,-0.321
-0.214,-0.156,-0.726
0.065,0.036,0.234
0.004,0.305,0.572
-0.092,-0.069,-0.445
0.108,0.044,0.783
-0.127,-0.121,-0.538
-0.066,-0.130,-0.470
0.108,0.070,0.233
-0.048,-0.017,-0.353
0.152,0.140,0.529
-0.101,0.314,0.764
0.039,0.140,0.794
-0.109,-0.086,-0.596
-0.092,-0.121,-0.516
-0.031,-0.112,-0.426
0.134,0.018,0.302
-0.196,-0.130,-0.714
0.091,0.018,0.131
-0.205,-0.147,-0.702
0.012,0.001,-0.155
0.152,0.123,0.512
0.047,-0.103,-0.271
0.091,-0.017,0.348
-0.153,-0.130,-0.668
0.082,0.027,0.575
-0.101,-0.095,-0.644
0.143,0.149,0.758
-0.144,-0.095,-0.617
0.099,0.131,0.915
-0.022,-0.121,-0.302
-0.231,-0.147,-0.739
-0.153,-0.121,-0.570
0.065,0.166,0.898
-0.109,-0.060,-0.464
-0.031,0.314,0.723
-0.022,-0.103,-0.379
0.004,0.314,0.736
-0.014,-0.121,-0.328
0.065,0.079,0.248
-0.074,-0.156,-0.493
-0.179,-0.138,-0.728
0.073,0.053,-0.022
0.047,0.253,0.355
0.125,0.105,0.576
0.091,-0.008,0.051
0.108,0.140,0.891
-0.048,-0.077,-0.306
0.056,0.175,0.973
-0.074,-0.121,-0.478
-0.031,-0.130,-0.294
-0.022,-0.025,-0.243
-0.022,-0.103,-0.303
-0.205,-0.130,-0.734
-0.118,-0.112,-0.446
0.065,0.123,0.572
-0.083,-0.095,-0.566
-0.022,-0.077,-0.320
-0.092,-0.138,-0.450
-0.040,0.305,0.674
0.039,0.305,0.567
-0.048,-0.095,-0.464
0.021,0.123,0.980
-0.074,-0.138,-0.502
-0.022,0.001,-0.213
0.108,0.053,0.527
-0.040,-0.138,-0.445
0.073,0.105,0.945
0.047,0.036,0.170
-0.231,-0.156,-0.712
-0.022,-0.147,-0.404
0.047,-0.086,-0.235
0.108,0.062,0.686
0.030,0.166,0.934
0.056,0.262,0.355
-0.040,-0.008,-0.332
-0.074,-0.086,-0.464
-0.092,-0.138,-0.521
-0.135,-0.103,-0.505
0.099,-0.086,-0.123
0.143,0.114,0.626
-0.083,-0.095,-0.430
0.082,0.053,0.702
-0.127,-0.112,-0.610
0.065,0.262,0.356
0.073,0.053,0.629
-0.092,-0.138,-0.450
0.056,0.044,0.031
0.082,-0.069,0.004
-0.057,-0.034,-0.233
0.030,0.096,0.924
0.056,0.183,0.945
0.047,0.018,0.208
-0.057,-0.017,-0.316
0.065,0.166,0.898
0.099,0.131,0.915
-0.014,-0.025,-0.223
-0.240,-0.173,-0.744
0.082,0.036,0.676
-0.092,-0.077,-0.384
-0.083,-0.051,-0.364
-0.083,-0.121,-0.520
0.108,0.079,0.700
0.117,0.036,0.746
0.073,-0.060,-0.115
-0.144,-0.112,-0.555
0.099,0.070,0.755
-0.005,0.001,-0.228
0.108,0.062,0.737
0.082,0.262,0.390
0.108,0.053,0.737
-0.005,-0.112,-0.347
-0.005,0.288,0.598
0.012,-0.112,-0.320
0.021,-0.043,-0.276
-0.074,-0.121,-0.443
0.047,0.010,0.120
-0.144,-0.147,-0.611
-0.022,-0.025,-0.331
-0.083,-0.043,-0.365
0.056,-0.008,0.147
0.108,0.114,0.445
0.056,-0.077,-0.208
0.099,0.123,0.861
0.082,0.157,0.842
-0.074,-0.121,-0.423
0.082,0.027,0.651
-0.083,-0.051,-0.338
-0.057,-0.034,-0.233
-0.040,-0.130,-0.327
0.039,-0.069,0.035
0.073,0.253,0.324
0.091,0.070,0.269
0.039,-0.043,-0.089
0.073,0.088,0.926
-0.074,-0.130,-0.424
0.056,0.296,0.569
0.091,0.079,0.290
-0.066,0.314,0.717
0.108,0.010,0.266
0.125,0.131,0.578
-0.074,-0.060,-0.441
0.125,0.070,0.467
-0.057,-0.069,-0.459
0.056,0.105,0.633
0.073,0.044,0.059
-0.066,-0.130,-0.412
0.039,0.010,-0.054
0.108,0.114,0.445
0.039,0.105,0.909
-0.161,-0.130,-0.737
0.004,-0.103,-0.348
0.047,-0.008,0.078
-0.118,-0.130,-0.605
0.108,0.036,0.200
0.047,-0.103,-0.253
-0.048,-0.112,-0.463
-0.031,0.305,0.730
0.073,0.044,0.254
-0.074,-0.103,-0.355
0.047,-0.051,-0.023
0.099,0.105,0.368
0.134,0.123,0.529
0.004,-0.008,-0.280
0.125,0.053,0.635
0.056,0.053,0.759
0.073,0.010,0.137
-0.161,-0.130,-0.600
-0.040,0.296,0.762
-0.066,-0.034,-0.246
-0.005,-0.130,-0.313
-0.101,-0.147,-0.551
0.056,0.114,0.612
-0.135,-0.147,-0.607
-0.083,-0.138,-0.499
-0.022,0.314,0.704
0.082,-0.017,0.244
-0.101,-0.095,-0.665
-0.031,0.314,0.723
-0.109,-0.121,-0.499
-0.118,-0.103,-0.492
0.073,0.036,0.597
-0.031,-0.025,-0.241
-0.144,-0.138,-0.564
-0.074,-0.043,-0.319
-0.083,-0.138,-0.523
-0.014,0.018,-0.288
-0.092,-0.060,-0.447
0.065,0.105,0.713
-0.083,-0.121,-0.535
-0.144,-0.103,-0.521
-0.109,-0.138,-0.478
0.030,-0.051,-0.299
0.065,0.131,0.568
0.039,0.262,0.317
0.056,0.192,0.965
-0.127,-0.121,-0.519
0.117,0.018,0.190
0.047,0.305,0.557
0.073,0.027,0.658
0.143,0.157,0.574
-0.074,-0.121,-0.393
-0.048,0.296,0.672
-0.118,-0.138,-0.510
0.099,-0.008,0.012
-0.127,-0.138,-0.529
0.160,0.140,0.477
0.004,-0.095,-0.345
-0.031,-0.147,-0.314
-0.066,-0.156,-0.399
0.073,-0.043,0.063
-0.005,-0.130,-0.381
-0.031,-0.112,-0.410
0.082,-0.043,0.024
0.073,0.053,-0.022
-0.135,-0.112,-0.539
-0.005,0.296,0.678
0.152,0.149,0.523
0.143,0.209,0.009
-0.109,-0.103,-0.574
-0.040,-0.103,-0.414
0.073,0.027,-0.141
-0.014,-0.121,-0.293
-0.074,-0.103,-0.514
-0.031,-0.147,-0.424
0.082,0.149,0.834
0.099,0.036,0.812
-0.101,-0.121,-0.464
-0.057,-0.130,-0.360
0.047,-0.086,-0.251
0.125,0.053,0.785
-0.048,-0.051,-0.267
-0.083,-0.138,-0.523
-0.022,-0.025,-0.243
-0.031,-0.138,-0.429
0.073,0.044,0.215
0.073,-0.095,-0.192
0.134,0.027,0.689
0.108,0.044,0.222
-0.040,-0.086,-0.467
0.152,0.140,0.529
0.021,-0.060,-0.329
0.012,0.036,-0.204
-0.057,-0.138,-0.455
0.143,0.114,0.483
0.004,-0.138,-0.352
-0.074,-0.112,-0.497
0.099,0.079,0.695
0.021,0.001,-0.100
-0.014,-0.138,-0.391
0.108,0.001,0.063
0.099,0.088,0.874
0.073,0.027,0.259
0.082,0.044,-0.118
0.073,0.044,0.092
-0.022,0.314,0.704
0.091,-0.086,-0.163
-0.048,-0.112,-0.381
0.091,-0.017,0.348
0.143,0.140,0.531
0.047,0.010,-0.197
-0.196,-0.138,-0.692
0.082,0.105,0.949
-0.083,-0.051,-0.364
0.091,0.070,0.269
0.125,0.010,0.356
0.065,0.036,0.766
0.108,0.044,0.665
0.082,0.027,0.258
-0.109,-0.130,-0.568
0.056,-0.051,-0.151
-0.057,-0.069,-0.244
-0.022,-0.147,-0.314
-0.022,0.001,-0.213
0.125,0.036,0.689
-0.014,-0.121,-0.293
0.039,-0.121,-0.177
-0.005,-0.025,-0.296
-0.048,0.305,0.674
-0.057,-0.051,-0.401
-0.031,-0.130,-0.350
-0.144,-0.130,-0.641
0.073,0.018,0.026
0.047,0.140,0.794
0.117,0.140,0.667
0.065,-0.112,-0.242
0.099,0.062,0.780
-0.014,-0.103,-0.381
0.099,0.105,0.921
0.047,0.140,0.794
-0.031,-0.121,-0.301
-0.109,-0.121,-0.571
-0.161,-0.121,-0.605
-0.014,-0.130,-0.392
0.108,0.070,0.691
-0.074,-0.034,-0.403
-0.127,-0.077,-0.403
0.012,0.305,0.572
0.021,-0.051,-0.299
0.012,0.010,-0.143
0.108,0.088,0.354
-0.057,-0.017,-0.344
-0.083,-0.112,-0.444
-0.161,-0.103,-0.706
-0.135,-0.130,-0.533
0.056,-0.095,-0.247
-0.014,-0.008,-0.311
0.091,0.088,0.736
0.030,-0.121,-0.298
0.091,0.044,0.941
0.117,0.114,0.627
0.012,0.305,0.648
-0.074,-0.025,-0.331
0.082,0.253,0.273
0.073,0.036,0.616
-0.066,-0.025,-0.304
0.012,-0.112,-0.337
-0.040,0.001,-0.338
-0.187,-0.130,-0.639
-0.031,0.010,-0.319
0.125,0.131,0.618
0.065,0.044,0.692
-0.179,-0.147,-0.636
-0.014,-0.008,-0.288
0.030,0.010,0.108
-0.101,-0.130,-0.456
0.065,-0.008,0.081
-0.127,-0.103,-0.724
-0.127,-0.121,-0.634
0.099,0.053,0.694
-0.074,-0.121,-0.478
0.108,0.070,0.233
0.073,0.262,0.349
-0.092,-0.130,-0.546
0.030,0.166,0.846
0.099,0.027,0.536
0.073,-0.077,-0.173
0.004,0.314,0.736
-0.170,-0.147,-0.657
0.099,0.131,0.852
0.117,0.044,0.230
-0.101,-0.051,-0.437
-0.022,-0.017,-0.226
-0.057,-0.130,-0.360
-0.231,-0.138,-0.684
0.073,0.140,0.542
-0.196,-0.121,-0.665
0.004,0.001,-0.254
0.047,0.314,0.729
0.030,0.123,0.960
-0.005,0.018,-0.180
0.082,0.053,0.702
0.030,-0.095,-0.294
0.160,0.201,0.056
-0.153,-0.121,-0.570
0.125,0.027,0.629
0.012,0.018,-0.260
0.073,-0.095,-0.213
0.073,0.096,0.687
-0.014,-0.112,-0.311
-0.144,-0.086,-0.402
-0.092,-0.147,-0.424
0.030,-0.043,-0.112
-0.214,-0.164,-0.695
-0.022,-0.112,-0.408
0.039,0.001,-0.009
-0.109,-0.112,-0.590
0.082,-0.017,0.244
0.125,0.036,0.628
-0.022,0.001,-0.133
0.004,0.010,-0.263
-0.040,-0.017,-0.325
-0.031,-0.017,-0.322
-0.066,0.314,0.717
0.056,-0.069,-0.167
0.012,-0.051,-0.137
0.108,0.131,0.692
-0.135,-0.138,-0.605
0.091,-0.025,0.340
-0.040,-0.017,-0.340
-0.031,0.010,-0.207
0.091,0.149,0.815
0.056,0.062,0.213
-0.092,-0.112,-0.474
0.065,-0.086,-0.131
0.091,-0.008,0.164
-0.057,-0.103,-0.462
-0.066,-0.025,-0.304
0.160,0.140,0.477
0.047,-0.077,-0.202
-0.057,-0.138,-0.455
-0.127,-0.121,-0.591
-0.074,-0.112,-0.442
-0.101,-0.156,-0.449
0.047,0.053,0.655
-0.092,-0.112,-0.516
-0.092,-0.130,-0.447
0.152,0.157,0.563
-0.214,-0.138,-0.701
-0.170,-0.130,-0.738
0.073,0.070,0.370
0.099,0.123,0.958
-0.040,-0.130,-0.426
-0.101,-0.121,-0.568
0.082,0.096,0.970
0.056,0.018,0.202
-0.127,-0.103,-0.744
-0.005,-0.017,-0.293
0.125,0.053,0.785
0.065,0.010,0.126
0.108,0.070,0.665
0.047,-0.095,-0.179
0.117,0.131,0.642
-0.092,-0.156,-0.433
-0.014,0.001,-0.100
-0.066,-0.103,-0.499
-0.022,0.001,-0.315
0.082,0.088,0.419
0.073,0.036,0.019
0.082,0.088,0.975
-0.083,-0.095,-0.622
0.108,-0.008,0.052
-0.127,-0.138,-0.608
-0.066,-0.112,-0.389
0.030,-0.095,-0.280
0.056,-0.086,-0.229
-0.101,-0.086,-0.423
0.134,0.123,0.578
0.065,0.062,0.736
0.082,0.062,0.697
-0.057,-0.138,-0.455
-0.118,-0.060,-0.468
0.082,0.044,0.592
-0.101,-0.130,-0.571
0.117,0.105,0.731
0.082,0.070,0.250
0.108,0.062,0.770
0.160,0.131,0.464
-0.057,-0.025,-0.363
-0.144,-0.130,-0.661
0.047,0.053,0.711
0.082,0.070,0.926
0.117,0.131,0.668
-0.118,-0.060,-0.407
0.047,0.149,0.832
0.143,0.140,0.531
0.021,0.096,0.964
-0.048,0.314,0.781
0.039,-0.060,-0.222
-0.092,-0.043,-0.424
0.065,0.053,0.641
0.012,0.010,-0.263
-0.205,-0.130,-0.699
0.021,0.296,0.616
-0.092,-0.086,-0.610
-0.109,-0.069,-0.384
-0.014,0.001,-0.203
-0.179,-0.147,-0.679
0.091,0.001,0.055
0.117,0.010,0.157
0.004,-0.121,-0.338
0.152,0.209,-0.019
0.099,0.123,0.463
-0.083,-0.112,-0.530
-0.014,0.305,0.609
0.099,0.140,0.461
-0.083,-0.043,-0.334
0.047,-0.086,-0.157
-0.109,-0.112,-0.563
-0.040,0.001,-0.325
-0.109,-0.095,-0.683
0.099,0.010,0.156
-0.074,-0.112,-0.497
0.082,-0.025,0.282
0.039,0.001,-0.009
-0.170,-0.147,-0.587
0.152,0.114,0.607
-0.092,-0.112,-0.455
0.012,-0.060,-0.343
0.091,0.088,0.300
-0.092,-0.130,-0.519
-0.014,-0.008,-0.300
0.160,0.123,0.425
0.108,0.123,0.820
0.108,0.044,0.783
0.065,0.027,0.234
0.012,-0.103,-0.326
-0.048,-0.103,-0.454
-0.014,-0.138,-0.391
0.056,0.201,0.978
0.012,0.001,-0.264
0.117,0.140,0.647
-0.101,-0.077,-0.356
0.143,0.149,0.547
-0.083,-0.034,-0.409
0.065,0.088,0.769
0.117,0.053,0.737
-0.040,0.001,-0.250
-0.022,-0.008,-0.148
0.108,0.053,0.666
0.108,0.079,0.700
0.117,0.157,0.676
0.065,0.053,0.217
0.056,0.036,0.227
0.091,0.010,0.558
-0.057,-0.156,-0.465
0.143,0.070,0.431
-0.135,-0.095,-0.651
0.021,-0.112,-0.206
0.004,0.288,0.587
-0.057,-0.060,-0.331
-0.214,-0.164,-0.695
-0.101,-0.156,-0.539
0.030,0.131,0.980
0.082,0.262,0.343
0.099,0.062,0.688
0.047,-0.112,-0.278
0.056,0.131,0.759
-0.022,-0.034,-0.325
0.099,0.131,0.915
0.056,-0.051,-0.151
-0.092,0.314,0.752
-0.083,-0.069,-0.460
-0.040,0.001,-0.338
0.108,0.010,0.356
0.047,0.157,0.850
-0.083,-0.130,-0.529
0.082,-0.017,-0.056
-0.092,-0.034,-0.344
0.117,0.088,0.511
0.091,0.044,0.227
0.065,0.018,0.190
0.160,0.201,0.056
-0.101,-0.156,-0.539
-0.074,-0.121,-0.478
-0.092,-0.103,-0.530
0.143,0.079,0.384
0.091,0.036,0.579
0.152,0.157,0.563
0.091,0.131,0.606
0.012,-0.095,-0.244
-0.048,-0.103,-0.303
0.012,-0.060,-0.343
-0.040,-0.147,-0.439
0.056,-0.086,-0.229
0.082,0.018,0.654
-0.135,-0.138,-0.605
-0.014,-0.103,-0.312
-0.118,-0.147,-0.576
-0.118,-0.077,-0.501
-0.057,-0.025,-0.273
0.047,0.027,-0.201
0.030,-0.103,-0.239
0.134,0.123,0.683
0.082,0.027,-0.036
0.030,-0.086,-0.175
0.012,0.296,0.630
0.082,0.088,0.292
0.073,0.062,0.358
0.073,0.053,0.615
-0.092,-0.103,-0.402
-0.005,-0.112,-0.306
0.039,0.088,0.878
0.073,-0.008,0.075
0.125,0.140,0.635
0.056,-0.060,-0.154
-0.127,-0.112,-0.610
0.134,0.149,0.575
-0.031,-0.121,-0.422
-0.048,-0.121,-0.448
0.108,0.105,0.775
-0.005,-0.008,-0.178
0.134,0.105,0.525
0.004,0.010,-0.243
-0.153,-0.147,-0.640
0.012,-0.095,-0.324
0.152,0.131,0.524
-0.014,-0.147,-0.385
0.056,-0.095,-0.028
-0.144,-0.147,-0.631
0.143,0.114,0.626
-0.092,-0.121,-0.460
0.073,0.027,-0.141
0.073,0.053,0.629
0.108,0.123,0.777
-0.014,-0.008,-0.216
-0.083,-0.034,-0.397
0.004,-0.103,-0.270
0.021,0.010,-0.237
-0.040,0.296,0.663
0.030,-0.077,-0.268
0.091,0.010,0.607
0.073,0.114,0.571
0.073,0.036,0.668
0.030,-0.086,-0.219
-0.014,0.288,0.624
0.117,0.140,0.749
-0.214,-0.147,-0.754
0.099,0.044,0.192
0.021,-0.051,-0.208
-0.092,-0.156,-0.433
-0.022,-0.008,-0.246
0.021,0.010,-0.249
0.082,0.053,0.614
0.143,0.157,0.688
-0.066,-0.034,-0.325
0.099,0.053,0.769
0.082,0.157,0.880
-0.031,-0.121,-0.422
-0.170,-0.130,-0.626
-0.040,-0.103,-0.346
-0.040,-0.034,-0.277
-0.022,-0.138,-0.328
-0.014,0.001,-0.307
0.004,0.305,0.585
0.047,0.105,0.687
-0.005,0.018,-0.206
-0.066,-0.017,-0.311
0.012,-0.095,-0.324
-0.040,-0.121,-0.420
-0.031,-0.069,-0.473
-0.074,-0.051,-0.424
0.047,-0.043,-0.206
-0.022,-0.121,-0.401
0.082,0.105,0.673
0.030,0.305,0.607
0.004,-0.130,-0.259
-0.014,-0.060,-0.195
-0.031,0.296,0.647
0.099,0.088,0.721
-0.040,0.305,0.674
0.047,0.018,-0.193
0.091,-0.086,-0.163
-0.022,-0.112,-0.329
0.073,0.183,0.947
-0.083,-0.034,-0.397
0.125,0.209,0.054
-0.092,-0.138,-0.542
-0.066,-0.138,-0.491
0.099,0.123,0.634
0.082,0.140,0.511
-0.144,-0.112,-0.525
0.134,0.027,0.689
0.030,-0.095,-0.280
0.065,0.036,-0.165
-0.014,0.001,-0.299
-0.074,-0.043,-0.402
-0.066,-0.130,-0.372
-0.179,-0.130,-0.637
-0.057,-0.138,-0.401
0.012,0.010,-0.251
0.091,0.253,0.295
0.012,-0.103,-0.212
0.004,-0.017,-0.130
0.134,0.062,0.567
-0.014,-0.112,-0.311
0.056,-0.095,-0.028
0.004,0.001,-0.179
0.099,0.079,0.897
-0.022,0.296,0.631
0.082,0.062,0.697
0.152,0.123,0.661
-0.135,-0.130,-0.611
0.082,0.044,0.676
-0.109,-0.138,-0.574
0.143,0.044,0.318
-0.205,-0.147,-0.702
-0.022,-0.112,-0.329
0.039,-0.077,-0.030
-0.066,-0.043,-0.345
0.125,0.088,0.532
-0.040,-0.103,-0.279
0.039,0.183,0.896
0.073,-0.112,-0.216
-0.083,-0.051,-0.437
0.004,-0.008,-0.195
0.039,-0.086,-0.261
0.099,0.114,0.514
-0.074,-0.025,-0.390
0.065,0.036,-0.165
-0.022,-0.025,-0.243
0.004,0.305,0.572
0.039,0.296,0.579
0.047,-0.103,-0.154
0.047,-0.103,-0.154
0.091,0.010,0.558
-0.083,-0.051,-0.426
-0.092,-0.121,-0.425
0.091,0.044,0.322
-0.101,-0.130,-0.571
-0.187,-0.121,-0.653
0.152,0.123,0.512
0.082,0.044,-0.029
0.073,0.053,0.844
0.065,0.131,0.568
-0.066,-0.121,-0.333
-0.083,-0.025,-0.400
0.082,0.131,0.519
-0.187,-0.147,-0.637
0.012,0.296,0.564
0.073,0.062,0.760
-0.040,-0.043,-0.296
0.099,0.036,0.570
-0.066,-0.112,-0.498
-0.214,-0.164,-0.695
-0.179,-0.130,-0.576
0.039,0.001,0.265
0.004,-0.008,-0.176
0.134,0.131,0.589
0.056,0.096,0.833
-0.144,-0.147,-0.631
0.082,0.027,0.575
-0.014,-0.069,-0.428
0.073,0.201,0.959
-0.014,0.001,-0.288
0.056,0.166,0.918
0.143,0.140,0.569
0.030,-0.086,-0.175
-0.135,-0.095,-0.651
-0.083,-0.034,-0.397
-0.205,-0.130,-0.613
0.117,0.088,0.716
0.108,0.123,0.820
-0.161,-0.121,-0.605
0.056,-0.008,0.078
0.091,0.027,0.147
0.091,0.253,0.295
0.056,0.183,0.945
-0.135,-0.121,-0.675
0.065,0.140,0.810
-0.022,-0.121,-0.401
0.065,-0.069,-0.169
0.021,0.096,0.964
-0.109,-0.103,-0.500
-0.135,-0.103,-0.749
-0.127,-0.086,-0.541
0.056,0.010,-0.166
0.125,0.114,0.578
-0.074,-0.138,-0.342
0.012,-0.121,-0.341
0.039,0.001,-0.207
-0.083,-0.121,-0.430
-0.196,-0.147,-0.473
0.030,-0.121,-0.232
0.099,0.114,0.651
-0.074,-0.121,-0.501
-0.005,0.001,-0.284
-0.074,-0.051,-0.339
-0.144,-0.130,-0.661
0.082,0.114,0.664
0.039,0.140,0.794
0.091,0.062,0.715
-0.040,-0.043,-0.296
-0.083,-0.130,-0.509
0.004,0.305,0.585
-0.135,-0.121,-0.641
0.125,0.018,0.183
0.056,-0.060,-0.154
0.082,-0.069,0.089
-0.014,-0.112,-0.390
-0.083,-0.025,-0.271
-0.118,-0.095,-0.687
0.152,0.140,0.653
0.021,0.010,-0.237
0.030,-0.112,-0.308
-0.005,-0.060,-0.375
-0.092,-0.077,-0.384
-0.135,-0.121,-0.525
0.021,-0.103,-0.249
-0.040,-0.069,-0.493
0.012,-0.077,-0.309
0.108,0.105,0.775
-0.066,-0.086,-0.426
0.065,0.096,0.682
0.056,0.166,0.918
-0.074,-0.121,-0.393
0.012,0.010,-0.232
-0.135,-0.130,-0.551
0.091,0.296,0.590
0.099,0.070,0.680
-0.101,0.314,0.764
0.152,0.123,0.607
-0.014,-0.138,-0.391
-0.074,-0.069,-0.434
-0.109,-0.077,-0.517
0.047,0.157,0.850
-0.214,-0.164,-0.695
-0.022,0.010,-0.291
0.004,0.001,-0.179
0.152,0.209,-0.019
-0.101,-0.156,-0.449
0.160,0.149,0.518
0.004,-0.077,-0.321
0.108,0.123,0.777
0.082,0.018,0.058
-0.022,-0.121,-0.401
0.021,0.001,-0.140
-0.066,-0.121,-0.333
-0.022,-0.025,-0.243
0.004,-0.008,-0.208
0.108,0.079,0.757
-0.031,-0.121,-0.301
-0.074,-0.043,-0.319
0.065,-0.034,-0.144
0.073,0.070,0.784
0.039,-0.095,-0.162
0.073,-0.069,0.178
0.082,-0.060,-0.001
0.056,-0.095,-0.028
0.056,0.018,0.202
-0.022,-0.130,-0.340
-0.101,-0.043,-0.320
-0.074,-0.043,-0.319
-0.074,0.314,0.814
0.091,0.262,0.293
-0.092,-0.121,-0.535
-0.014,-0.103,-0.393
0.056,-0.095,-0.028
-0.109,-0.147,-0.547
-0.144,-0.121,-0.665
0.073,0.114,0.592
-0.022,0.314,0.716
0.099,0.096,0.894
0.082,0.070,0.325
-0.161,-0.121,-0.679
-0.031,-0.130,-0.409
0.030,-0.086,-0.259
-0.118,-0.112,-0.577
0.004,0.027,-0.252
0.021,-0.130,-0.313
0.065,0.218,0.968
0.073,0.149,0.845
-0.187,-0.121,-0.710
-0.022,-0.121,-0.387
-0.031,-0.121,-0.301
-0.048,-0.034,-0.260
-0.040,-0.112,-0.365
-0.022,-0.103,-0.333
-0.118,-0.138,-0.592
-0.101,-0.130,-0.571
0.030,0.296,0.608
0.065,0.140,0.810
0.125,0.096,0.572
-0.040,-0.069,-0.365
-0.022,-0.121,-0.336
-0.057,-0.112,-0.456
-0.109,-0.121,-0.588
0.125,0.018,0.672
-0.048,0.001,-0.346
0.012,-0.130,-0.230
-0.153,-0.112,-0.550
0.099,0.123,0.513
0.082,0.157,0.880
-0.057,-0.138,-0.310
0.039,-0.077,-0.030
-0.031,-0.095,-0.403
0.030,-0.060,-0.017
0.012,0.010,-0.172
0.099,-0.086,-0.123
0.021,0.010,-0.130
-0.083,-0.121,-0.430
-0.109,-0.138,-0.574
-0.014,0.001,-0.288
0.152,0.105,0.609
-0.083,-0.051,-0.338
-0.040,-0.121,-0.371
0.039,0.053,0.677
0.004,0.010,-0.186
0.012,-0.121,-0.328
0.039,0.123,0.938
-0.022,0.010,-0.142
-0.101,-0.077,-0.484
-0.083,-0.121,-0.505
-0.005,0.018,-0.259
0.091,0.027,0.690
0.099,0.001,0.337
-0.057,-0.095,-0.470
0.021,-0.112,-0.308
0.021,0.288,0.569
0.065,0.027,0.685
0.108,0.036,0.665
0.082,0.062,0.322
-0.083,-0.060,-0.378
-0.031,-0.103,-0.357
-0.092,-0.095,-0.464
0.056,-0.112,-0.258
-0.083,-0.147,-0.516
-0.040,-0.138,-0.429
0.117,0.062,0.739
-0.048,-0.121,-0.462
-0.161,-0.138,-0.600
-0.135,-0.112,-0.523
0.030,-0.095,-0.211
0.152,0.123,0.446
0.073,0.105,0.631
0.047,0.036,0.208
0.021,-0.008,-0.123
-0.118,-0.060,-0.407
-0.057,0.001,-0.347
-0.022,0.314,0.716
-0.074,-0.025,-0.331
0.082,0.044,0.603
0.056,0.027,-0.182
0.117,0.131,0.668
-0.161,-0.130,-0.696
-0.031,0.010,-0.301
-0.022,-0.121,-0.302
0.073,0.105,0.631
0.030,0.001,0.197
-0.074,-0.025,-0.331
-0.074,-0.051,-0.339
-0.057,-0.017,-0.373
0.047,0.088,0.843
0.099,0.079,0.771
-0.057,-0.138,-0.310
-0.214,-0.130,-0.748
0.047,0.166,0.860
-0.101,-0.069,-0.362
0.039,-0.103,-0.184
0.091,0.149,0.815
0.065,0.183,0.930
-0.057,-0.043,-0.318
-0.127,-0.121,-0.489
0.099,0.036,0.812
-0.153,-0.121,-0.689
-0.057,-0.034,-0.370
-0.066,-0.043,-0.405
0.143,0.062,0.367
0.065,0.166,0.898
-0.118,-0.138,-0.573
0.039,-0.103,-0.287
-0.074,-0.112,-0.442
-0.101,-0.051,-0.356
-0.101,-0.103,-0.542
0.091,0.140,0.917
-0.057,-0.069,-0.244
-0.005,0.001,-0.295
-0.092,-0.130,-0.472
0.108,0.114,0.860
0.108,0.096,0.923
-0.092,-0.051,-0.441
0.021,0.010,-0.237
0.004,0.010,-0.275
0.143,0.140,0.698
0.125,0.088,0.803
0.082,0.053,-0.041
0.039,0.157,0.833
0.134,0.166,0.636
-0.022,-0.112,-0.394
0.021,-0.051,-0.299
-0.031,0.018,-0.304
-0.031,-0.095,-0.279
-0.083,-0.043,-0.420
0.073,0.296,0.693
0.134,0.053,0.525
-0.074,-0.147,-0.502
-0.022,-0.017,-0.249
-0.083,-0.069,-0.306
0.091,0.044,0.227
-0.118,-0.069,-0.415
0.056,0.088,0.814
0.065,0.018,-0.156
0.073,-0.025,0.187
-0.022,0.010,-0.222
0.047,0.175,0.903
0.039,-0.103,-0.272
-0.083,-0.017,-0.381
0.030,-0.095,-0.294
0.056,0.062,0.716
-0.135,-0.121,-0.675
0.091,0.140,0.917
0.099,0.070,0.417
-0.179,-0.121,-0.642
-0.005,-0.121,-0.379
0.065,0.010,0.207
-0.005,0.010,-0.274
-0.144,-0.138,-0.626
0.039,-0.086,-0.103
-0.109,-0.043,-0.349
0.065,-0.103,-0.125
-0.005,-0.103,-0.366
-0.092,-0.121,-0.552
-0.057,-0.103,-0.378
0.056,0.044,0.636
0.065,0.140,0.810
-0.092,-0.156,-0.520
-0.066,-0.060,-0.431
-0.135,-0.130,-0.509
-0.135,-0.103,-0.749
-0.092,-0.147,-0.424
-0.083,-0.051,-0.426
0.082,0.018,0.572
-0.074,-0.077,-0.564
-0.005,-0.130,-0.313
-0.022,0.001,-0.315
0.108,0.105,0.775
0.004,0.010,-0.145
-0.040,-0.025,-0.288
0.073,0.096,0.687
-0.109,-0.086,-0.508
0.117,0.079,0.514
0.152,0.114,0.406
-0.109,-0.147,-0.564
-0.118,-0.077,-0.501
-0.031,0.305,0.730
-0.022,-0.017,-0.143
-0.066,-0.034,-0.379
-0.066,-0.051,-0.287
0.039,0.296,0.579
0.108,0.096,0.491
-0.170,-0.138,-0.621
0.021,0.296,0.616
0.056,0.140,0.800
0.047,0.305,0.593
0.143,0.114,0.483
0.021,-0.130,-0.237
0.134,0.018,0.703
0.039,-0.086,-0.037
0.065,0.175,0.911
-0.022,-0.008,-0.148
-0.048,-0.034,-0.312
0.047,0.131,0.757
-0.196,-0.156,-0.592
-0.048,-0.069,-0.509
0.082,0.062,-0.024
-0.170,-0.121,-0.622
-0.074,0.314,0.814
0.152,0.209,-0.019
-0.101,-0.095,-0.665
-0.231,-0.138,-0.684
-0.057,-0.121,-0.399
0.021,0.105,0.973
-0.074,-0.121,-0.501
0.021,0.018,-0.232
0.073,0.010,0.137
0.082,0.131,0.619
-0.127,-0.121,-0.591
-0.127,-0.121,-0.538
0.030,0.305,0.698
0.073,0.096,0.941
0.108,0.123,0.704
-0.022,-0.138,-0.412
0.108,0.123,0.470
0.021,0.010,-0.237
-0.083,-0.138,-0.499
-0.092,-0.112,-0.474
0.056,0.131,0.759
0.082,-0.017,0.244
-0.031,-0.147,-0.314
-0.022,0.314,0.782
-0.057,-0.077,-0.396
0.073,0.079,0.358
-0.109,0.331,0.877
-0.092,0.314,0.752
0.047,-0.051,-0.023
-0.187,-0.130,-0.639
0.117,0.070,0.893
-0.109,-0.121,-0.499
-0.066,-0.112,-0.498
0.056,0.001,0.155
-0.040,-0.130,-0.360
0.108,0.123,0.470
0.134,0.062,0.404
0.108,0.140,0.748
0.073,0.036,-0.138
0.091,0.088,0.897
-0.101,-0.095,-0.644
0.039,0.001,0.091
-0.144,-0.147,-0.611
-0.014,-0.086,-0.375
0.030,-0.130,-0.217
-0.083,-0.051,-0.437
-0.048,-0.077,-0.306
0.047,0.053,0.655
-0.118,-0.095,-0.461
0.047,-0.095,-0.267
-0.161,-0.130,-0.666
0.108,0.096,0.491
0.125,0.123,0.574
-0.014,0.001,-0.228
0.004,-0.008,-0.208
0.065,0.010,0.207
0.065,0.062,0.645
0.056,0.175,0.973
0.108,0.010,0.146
0.134,0.062,0.460
-0.135,-0.112,-0.523
-0.066,-0.043,-0.389
-0.040,-0.017,-0.280
0.099,0.105,0.687
-0.066,-0.060,-0.417
-0.005,-0.017,-0.213
0.047,0.149,0.832
-0.109,-0.112,-0.590
-0.031,-0.025,-0.329
-0.066,-0.077,-0.404
-0.031,0.001,-0.327
0.134,0.036,0.308
-0.153,-0.130,-0.649
0.021,-0.051,-0.326
-0.074,-0.086,-0.572
0.091,0.114,0.945
0.099,0.140,0.461
0.039,-0.086,-0.261
0.056,-0.077,-0.208
-0.031,-0.069,-0.366
-0.066,-0.156,-0.473
-0.031,-0.017,-0.336
-0.031,-0.138,-0.411
0.082,0.044,0.592
0.125,0.105,0.576
0.099,0.070,0.710
-0.057,0.305,0.700
-0.101,-0.069,-0.362
-0.240,-0.173,-0.744
0.082,-0.034,0.043
-0.101,-0.138,-0.471
0.056,0.201,0.978
0.073,0.079,0.261
-0.101,0.314,0.764
0.039,-0.060,0.088
-0.074,0.314,0.814
0.030,-0.103,-0.277
0.108,0.131,0.672
0.030,0.305,0.607
-0.074,-0.069,-0.324
-0.101,-0.086,-0.641
-0.048,-0.069,-0.440
0.091,0.131,0.916
0.047,-0.086,-0.235
0.073,0.062,0.636
-0.066,-0.077,-0.566
0.108,0.070,0.691
-0.031,0.001,-0.247
0.073,0.088,0.926
0.134,0.166,0.708
-0.040,0.305,0.755
-0.005,-0.017,-0.293
-0.161,-0.130,-0.666
0.152,0.149,0.669
0.108,0.070,0.665
0.073,-0.060,-0.115
-0.135,-0.112,-0.499
0.021,-0.086,-0.298
-0.127,-0.112,-0.451
-0.014,0.010,-0.302
0.143,0.149,0.572
0.056,0.044,0.706
0.056,0.036,-0.177
-0.161,-0.130,-0.576
-0.092,-0.034,-0.413
-0.040,-0.103,-0.373
0.030,-0.077,-0.268
-0.048,-0.008,-0.259
-0.040,0.001,-0.325
-0.092,-0.043,-0.424
0.108,0.070,0.758
-0.083,-0.069,-0.306
0.099,0.036,0.570
-0.127,-0.086,-0.541
0.030,-0.095,-0.211
0.004,-0.112,-0.347
0.091,0.088,0.300
-0.074,-0.086,-0.427
0.021,0.001,-0.245
0.056,0.062,0.663
0.108,0.053,0.527
0.117,0.070,0.526
0.021,-0.095,-0.296
0.143,0.157,0.574
0.065,0.296,0.576
0.065,0.027,0.609
-0.066,-0.051,-0.349
0.065,-0.077,-0.193
-0.057,0.001,-0.347
-0.022,-0.138,-0.328
-0.161,-0.138,-0.667
0.073,-0.086,-0.193
-0.083,-0.043,-0.334
-0.083,-0.034,-0.342
0.065,0.062,0.698
0.030,0.001,-0.227
-0.179,-0.147,-0.679
-0.031,-0.112,-0.291
-0.109,-0.095,-0.683
0.004,0.010,-0.275
-0.179,-0.138,-0.621
-0.092,-0.138,-0.521
0.065,-0.025,-0.122
-0.074,-0.051,-0.403
-0.014,-0.086,-0.375
-0.057,-0.034,-0.308
0.152,0.157,0.563
-0.118,-0.121,-0.606
0.065,0.149,0.856
0.039,0.001,0.156
-0.014,0.305,0.621
-0.022,-0.017,-0.249
0.091,-0.095,-0.175
0.082,0.105,0.949
0.134,0.018,0.703
-0.005,0.001,-0.265
-0.031,-0.121,-0.400
-0.048,-0.138,-0.458
-0.083,-0.121,-0.535
-0.074,-0.138,-0.502
-0.196,-0.156,-0.592
0.021,-0.121,-0.312
0.134,0.062,0.567
0.117,0.027,0.643
0.012,0.018,-0.138
0.108,0.123,0.470
0.108,0.010,0.266
0.039,-0.121,-0.294
0.073,0.053,0.701
0.125,0.036,0.628
-0.022,-0.130,-0.400
0.039,-0.043,-0.233
0.004,-0.060,-0.372
0.082,0.131,0.519
-0.057,-0.130,-0.393
-0.040,-0.112,-0.443
0.047,0.036,-0.198
0.099,0.018,0.691
0.065,0.192,0.940
0.082,-0.025,-0.069
0.143,0.123,0.542
0.056,0.001,0.155
-0.048,-0.112,-0.329
-0.057,-0.069,-0.459
0.012,-0.086,-0.312
-0.005,0.001,-0.186
-0.031,-0.008,-0.326
-0.074,-0.147,-0.417
-0.109,-0.103,-0.546
0.056,0.253,0.324
0.047,-0.086,-0.235
0.004,0.305,0.605
-0.005,0.296,0.678
0.039,-0.077,0.003
0.056,-0.103,-0.254
0.012,-0.138,-0.327
0.099,0.070,0.417
-0.048,-0.121,-0.462
0.056,0.305,0.579
0.047,-0.086,-0.251
0.073,-0.095,-0.192
-0.057,0.305,0.687
0.117,0.209,0.003
-0.144,-0.112,-0.751
-0.101,-0.147,-0.504
-0.074,0.314,0.814
-0.014,-0.095,-0.380
0.152,0.131,0.482
0.056,0.175,0.973
-0.014,-0.112,-0.266
0.039,0.096,0.902
0.082,0.070,0.647
-0.214,-0.156,-0.726
-0.066,-0.017,-0.371
0.056,0.062,0.716
-0.057,-0.008,-0.281
0.056,-0.008,0.147
0.047,0.053,0.711
0.039,0.053,0.677
-0.048,-0.025,-0.287
-0.014,0.314,0.739
-0.022,0.001,-0.237
0.082,0.010,0.654
0.021,0.288,0.569
-0.066,-0.121,-0.389
-0.135,-0.138,-0.487
0.065,-0.069,-0.169
0.091,0.140,0.488
0.012,0.010,-0.232
0.117,0.018,0.190
-0.074,-0.043,-0.319
0.125,0.140,0.720
0.030,-0.103,-0.185
-0.161,-0.112,-0.531
0.108,0.062,0.737
0.021,-0.121,-0.312
-0.022,-0.034,-0.271
0.004,0.288,0.587
0.082,0.079,0.270
0.152,0.105,0.457
0.021,0.001,-0.100
-0.170,-0.130,-0.626
-0.109,-0.121,-0.474
0.047,0.027,-0.107
0.047,0.305,0.557
0.091,0.053,0.610
-0.222,-0.156,-0.709
0.117,0.088,0.578
-0.048,-0.025,-0.308
-0.144,-0.138,-0.564
-0.092,-0.147,-0.533
-0.074,-0.130,-0.512
0.047,-0.008,0.160
0.047,0.027,-0.201
-0.014,-0.095,-0.317
0.099,0.010,0.537
0.082,-0.077,-0.155
0.091,0.149,0.815
-0.109,-0.138,-0.558
0.021,-0.121,-0.256
0.030,-0.043,-0.112
0.091,0.070,0.815
0.047,0.175,0.903
0.039,0.305,0.567
-0.118,-0.121,-0.484
0.012,-0.121,-0.328
-0.074,-0.025,-0.377
0.134,0.096,0.513
-0.014,0.010,-0.224
0.065,0.062,0.645
0.099,0.062,0.688
-0.014,-0.121,-0.328
0.056,-0.095,-0.232
-0.014,-0.112,-0.374
-0.048,-0.112,-0.381
0.039,-0.008,0.145
-0.031,-0.112,-0.341
-0.187,-0.121,-0.710
-0.118,-0.121,-0.505
0.143,0.036,0.672
0.091,0.036,0.714
0.030,0.175,0.857
0.125,0.140,0.674
-0.057,-0.112,-0.469
-0.066,-0.077,-0.535
-0.040,-0.103,-0.373
0.134,0.036,0.263
0.091,0.001,0.306
0.073,0.036,0.721
-0.066,-0.121,-0.389
0.082,0.044,0.592
0.004,0.010,-0.243
-0.031,-0.112,-0.426
0.117,0.044,0.230
0.091,0.131,0.484
0.056,0.062,0.663
0.004,-0.121,-0.358
0.091,0.062,0.897
-0.127,-0.138,-0.586
0.030,-0.043,-0.237
-0.057,-0.051,-0.314
-0.014,-0.121,-0.370
-0.196,-0.130,-0.714
0.117,0.079,0.514
-0.066,-0.086,-0.549
0.073,-0.025,0.187
0.065,-0.095,-0.210
-0.231,-0.147,-0.739
0.030,0.088,0.918
0.099,0.070,0.851
0.030,-0.043,-0.237
-0.161,-0.138,-0.695
-0.040,-0.121,-0.371
0.012,0.018,-0.168
0.073,0.114,0.929
0.030,0.027,-0.230
-0.127,-0.103,-0.519
0.099,0.036,0.570
0.047,0.253,0.355
-0.109,-0.077,-0.497
-0.187,-0.130,-0.585
-0.031,-0.103,-0.329
-0.153,-0.095,-0.596
-0.014,-0.112,-0.266
0.082,0.149,0.834
-0.101,-0.077,-0.484
0.091,0.053,0.236
0.056,0.123,0.736
0.021,-0.077,-0.290
-0.161,-0.147,-0.510
-0.074,-0.051,-0.292
-0.127,-0.130,-0.591
-0.179,-0.147,-0.621
-0.101,-0.112,-0.582
-0.135,-0.121,-0.641
-0.118,-0.138,-0.592
-0.101,-0.086,-0.423
0.117,0.018,0.190
0.091,0.036,0.579
0.030,0.010,-0.234
0.012,-0.121,-0.199
0.091,0.088,0.300
0.073,0.053,0.615
-0.040,-0.130,-0.360
0.143,0.131,0.681
0.004,-0.008,-0.195
0.143,0.114,0.733
0.108,0.105,0.454
0.143,0.105,0.472
0.099,0.027,0.536
0.082,0.123,0.530
0.039,-0.103,-0.287
0.082,0.096,0.301
-0.118,-0.112,-0.696
0.004,0.010,-0.145
0.012,0.018,-0.215
0.012,0.018,-0.245
0.065,0.114,0.592
0.047,0.062,0.663
-0.040,-0.086,-0.467
0.021,-0.051,-0.326
0.039,-0.069,-0.019
-0.048,-0.025,-0.366
0.099,0.070,0.755
-0.031,0.314,0.764
-0.040,0.305,0.719
-0.014,0.010,-0.224
0.108,0.088,0.354
-0.127,-0.112,-0.493
0.082,-0.034,0.043
0.143,0.201,-0.013
-0.074,0.314,0.814
-0.083,-0.043,-0.402
-0.109,-0.095,-0.683
-0.179,-0.103,-0.671
-0.135,-0.103,-0.704
-0.031,0.001,-0.313
-0.022,0.001,-0.237
-0.014,-0.043,-0.237
0.056,0.088,0.814
-0.153,-0.130,-0.668
0.125,0.018,0.183
0.091,0.131,0.511
-0.083,-0.156,-0.508
0.056,0.044,0.199
0.047,0.114,0.715
0.056,-0.095,-0.247
0.091,0.140,0.488
-0.057,-0.112,-0.339
-0.074,-0.121,-0.501
0.091,0.018,0.617
-0.057,-0.008,-0.362
-0.040,0.305,0.719
-0.092,-0.095,-0.646
0.039,-0.069,0.035
-0.109,-0.051,-0.373
-0.066,-0.086,-0.549
-0.083,-0.095,-0.566
-0.083,-0.034,-0.409
0.117,0.062,0.663
-0.057,-0.112,-0.393
-0.057,-0.112,-0.484
-0.196,-0.112,-0.709
0.117,0.044,0.652
0.047,-0.112,-0.258
-0.048,-0.130,-0.362
-0.074,-0.043,-0.350
-0.101,-0.103,-0.453
0.143,0.149,0.696
-0.205,-0.138,-0.738
-0.118,-0.095,-0.687
-0.118,-0.112,-0.499
0.099,0.053,0.769
-0.048,0.296,0.672
-0.083,-0.060,-0.443
0.082,-0.034,0.043
0.056,0.079,0.802
0.030,0.114,0.941
0.160,0.114,0.459
0.012,0.305,0.558
0.056,-0.086,-0.229
0.004,-0.103,-0.178
0.091,0.131,0.916
0.082,0.044,0.676
0.073,0.157,0.852
-0.057,0.305,0.700
0.134,0.166,0.636
0.039,-0.086,-0.037
0.065,0.253,0.338
0.039,-0.112,-0.216
0.073,-0.017,-0.064
-0.005,-0.017,-0.213
0.030,-0.069,-0.005
-0.074,-0.138,-0.342
-0.014,-0.138,-0.205
0.056,-0.086,-0.207
-0.118,-0.121,-0.606
-0.066,-0.060,-0.358
-0.092,-0.121,-0.425
0.065,-0.086,-0.131
0.108,0.001,0.366
0.073,-0.069,-0.154
-0.040,-0.112,-0.343
0.117,0.149,0.657
-0.101,-0.112,-0.439
-0.066,-0.051,-0.418
-0.048,-0.103,-0.454
-0.014,-0.121,-0.384
-0.048,-0.017,-0.353
0.082,-0.095,-0.198
0.073,0.114,0.671
-0.022,-0.103,-0.303
0.030,0.296,0.608
0.004,0.001,-0.271
0.143,0.070,0.431
0.117,0.123,0.619
-0.118,-0.060,-0.468
-0.170,-0.121,-0.567
-0.005,0.001,-0.186
0.004,0.001,-0.202
-0.118,-0.086,-0.435
0.108,0.105,0.454
-0.022,-0.112,-0.408
-0.066,-0.138,-0.491
-0.179,-0.121,-0.642
0.047,-0.008,0.078
0.012,0.296,0.630
-0.005,0.305,0.684
-0.101,-0.130,-0.486
0.143,0.140,0.668
0.108,0.044,0.731
-0.101,-0.077,-0.508
-0.040,-0.112,-0.443
-0.040,-0.077,-0.495
-0.040,-0.077,-0.495
-0.101,-0.095,-0.644
-0.083,-0.051,-0.338
-0.109,-0.069,-0.486
-0.179,-0.156,-0.552
0.082,0.070,0.325
0.160,0.192,-0.004
-0.014,-0.095,-0.380
-0.005,0.305,0.684
0.073,0.166,0.884
-0.196,-0.147,-0.665
0.099,0.123,0.463
-0.127,-0.112,-0.724
-0.187,-0.147,-0.637
-0.057,-0.147,-0.474
-0.170,-0.138,-0.739
0.021,-0.086,-0.298
0.143,0.114,0.483
-0.144,-0.121,-0.545
-0.005,-0.121,-0.368
-0.040,-0.103,-0.279
-0.005,0.314,0.714
-0.144,-0.138,-0.548
0.125,0.209,0.054
-0.135,-0.121,-0.525
-0.031,0.001,-0.327
-0.101,-0.086,-0.529
0.039,0.010,-0.213
0.082,0.027,0.258
-0.014,-0.112,-0.266
-0.074,-0.051,-0.339
-0.066,-0.112,-0.482
0.125,0.131,0.712
-0.005,-0.112,-0.378
0.056,-0.112,-0.258
0.082,0.088,0.975
-0.205,-0.138,-0.704
0.082,0.140,0.969
0.117,0.036,0.746
-0.057,-0.121,-0.377
0.056,0.053,0.759
-0.057,-0.103,-0.484
0.004,-0.008,-0.176
-0.040,-0.112,-0.294
0.047,-0.095,-0.240
0.056,0.296,0.569
0.125,0.036,0.628
-0.022,0.001,-0.303
-0.031,-0.112,-0.426
-0.031,-0.130,-0.427
0.082,-0.008,0.172
-0.040,-0.034,-0.366
0.004,0.010,-0.186
0.082,0.053,0.776
-0.109,-0.077,-0.497
0.012,0.001,0.248
0.039,-0.069,-0.236
0.056,0.201,0.978
-0.048,-0.025,-0.287
0.065,0.062,0.698
-0.048,-0.017,-0.340
-0.101,-0.130,-0.544
-0.196,-0.156,-0.592
-0.074,-0.051,-0.292
0.091,0.262,0.355
-0.240,-0.147,-0.736
-0.170,-0.121,-0.622
-0.005,0.010,-0.187
0.134,0.140,0.732
-0.222,-0.164,-0.736
0.065,0.296,0.576
-0.005,-0.025,-0.199
0.082,0.105,0.900
-0.083,-0.043,-0.402
-0.161,-0.138,-0.568
0.082,0.070,0.926
-0.005,-0.069,-0.407
0.073,0.036,0.019
0.065,-0.077,-0.193
-0.092,-0.069,-0.445
0.134,0.036,0.383
0.082,-0.086,-0.180
0.030,-0.130,-0.305
0.099,0.036,0.570
0.065,0.175,0.935
0.108,0.070,0.665
0.082,0.149,0.834
0.152,0.105,0.394
-0.031,-0.008,-0.335
0.108,0.044,0.731
0.047,0.244,0.322
0.065,0.044,-0.000
0.082,0.027,0.651
0.082,0.044,0.603
0.082,0.027,0.732
-0.118,-0.121,-0.484
-0.022,0.288,0.645
-0.118,-0.121,-0.587
0.021,-0.103,-0.224
-0.040,0.314,0.759
0.004,-0.121,-0.197
0.099,0.018,0.691
0.021,0.027,-0.009
-0.153,-0.130,-0.578
0.099,0.044,0.582
-0.005,-0.121,-0.368
-0.127,-0.130,-0.523
0.021,-0.008,-0.236
0.039,-0.086,-0.261
-0.109,-0.147,-0.564
0.152,0.149,0.669
0.091,0.123,0.636
0.021,0.001,-0.140
0.021,-0.051,-0.064
-0.161,-0.147,-0.648
-0.014,-0.130,-0.392
-0.170,-0.138,-0.597
0.082,0.027,0.575
0.039,-0.086,-0.037
-0.127,-0.121,-0.519
0.047,-0.103,-0.154
-0.074,-0.103,-0.488
0.030,-0.086,-0.175
-0.083,-0.060,-0.418
-0.014,0.296,0.615
-0.066,-0.034,-0.379
0.073,0.096,0.687
-0.014,-0.103,-0.381
-0.022,0.314,0.704
-0.118,-0.138,-0.592
0.056,0.262,0.304
0.134,0.140,0.605
-0.240,-0.182,-0.545
0.065,0.262,0.310
0.125,0.079,0.498
-0.005,-0.112,-0.306
-0.074,-0.103,-0.514
0.004,-0.121,-0.197
-0.066,-0.069,-0.437
-0.083,-0.043,-0.420
0.021,-0.130,-0.313
0.099,0.114,0.474
0.073,0.044,0.092
-0.022,-0.034,-0.325
-0.101,-0.077,-0.412
0.047,-0.077,-0.236
-0.066,-0.086,-0.549
-0.135,-0.130,-0.627
0.065,0.053,0.263
-0.031,-0.130,-0.350
0.134,0.123,0.529
0.065,0.018,0.654
-0.014,-0.025,-0.313
0.082,0.262,0.289
-0.135,-0.112,-0.539
0.073,0.062,0.760
-0.092,-0.112,-0.555
-0.048,-0.025,-0.354
0.065,0.157,0.882
-0.135,-0.147,-0.475
-0.040,-0.008,-0.216
0.091,0.053,0.735
0.108,0.140,0.891
0.030,-0.095,-0.172
0.152,0.088,0.405
-0.022,-0.130,-0.340
-0.022,0.018,-0.302
0.056,-0.034,-0.168
0.030,0.166,0.934
-0.074,-0.130,-0.499
-0.040,-0.008,-0.260
-0.083,-0.121,-0.505
-0.109,-0.086,-0.432
-0.127,-0.147,-0.593
0.047,-0.008,0.160
0.004,-0.017,-0.264
0.091,0.044,0.718
-0.170,-0.130,-0.579
-0.179,-0.156,-0.673
-0.161,-0.112,-0.531
0.125,0.027,0.629
0.134,0.149,0.575
-0.040,-0.017,-0.246
0.152,0.209,0.018
0.047,-0.086,-0.157
-0.240,-0.156,-0.742
-0.014,-0.008,-0.240
-0.040,-0.147,-0.439
-0.135,-0.130,-0.646
0.021,-0.043,-0.276
-0.066,0.296,0.710
0.108,0.036,0.720
0.065,0.140,0.810
0.047,-0.008,0.078
0.012,0.001,-0.177
-0.144,-0.103,-0.727
0.134,0.157,0.599
-0.014,0.305,0.691
0.056,0.149,0.831
-0.005,-0.086,-0.366
0.047,0.131,0.757
0.021,-0.103,-0.315
0.143,0.123,0.726
0.091,0.001,0.306
0.125,0.131,0.712
0.082,0.062,0.697
0.099,0.001,0.337
-0.014,-0.060,-0.195
0.073,0.123,0.575
0.039,0.175,0.870
0.047,0.044,0.179
0.099,0.114,0.700
-0.083,0.305,0.747
0.099,0.131,0.457
-0.101,-0.147,-0.477
0.186,0.209,0.009
0.012,-0.095,-0.272
-0.022,-0.017,-0.315
0.039,0.123,0.938
0.073,-0.043,0.063
0.047,0.018,-0.193
0.082,0.018,0.058
0.134,0.123,0.556
0.091,0.114,0.658
0.065,0.079,0.248
0.021,0.305,0.564
0.091,-0.077,-0.128
0.056,0.296,0.569
0.125,0.062,0.429
0.039,-0.008,0.053
-0.074,-0.130,-0.512
-0.057,-0.112,-0.469
-0.014,-0.130,-0.392
0.065,-0.069,-0.169
0.091,0.027,0.626
0.004,-0.051,-0.127
-0.083,-0.121,-0.520
-0.022,-0.025,-0.317
0.039,-0.077,-0.030
-0.118,-0.077,-0.400
0.047,-0.069,-0.213
0.134,0.123,0.556
0.004,-0.008,-0.195
0.047,0.105,0.687
-0.127,-0.112,-0.724
0.004,0.001,-0.282
0.099,0.123,0.513
0.091,0.140,0.790
-0.135,-0.121,-0.641
0.056,0.018,-0.183
-0.074,-0.025,-0.331
0.073,0.175,0.903
0.073,0.044,0.730
-0.109,-0.069,-0.416
0.091,0.070,0.715
-0.109,-0.112,-0.563
-0.057,-0.112,-0.339
0.073,0.027,0.259
0.030,-0.086,-0.282
0.091,0.114,0.525
-0.040,-0.121,-0.347
0.091,0.096,0.759
0.099,0.010,0.596
0.004,-0.051,-0.127
-0.066,-0.034,-0.390
0.082,-0.077,-0.155
0.117,0.149,0.657
0.047,0.253,0.355
-0.153,-0.156,-0.631
0.039,0.010,-0.213
0.047,0.018,-0.193
-0.074,-0.051,-0.292
0.056,0.183,0.976
0.039,0.262,0.317
-0.144,-0.121,-0.644
0.082,0.157,0.957
0.073,0.105,0.945
-0.048,-0.086,-0.520
0.021,-0.130,-0.237
-0.083,-0.043,-0.377
0.056,0.027,-0.182
0.047,-0.034,0.160
-0.066,-0.147,-0.486
0.125,0.105,0.576
-0.048,-0.025,-0.308
0.021,0.001,-0.140
0.134,0.018,0.207
-0.040,-0.017,-0.325
0.099,0.044,0.654
-0.196,-0.138,-0.645
-0.144,-0.121,-0.545
0.012,0.018,-0.245
0.065,-0.025,-0.122
-0.074,-0.121,-0.423
-0.022,-0.043,-0.329
0.065,-0.077,-0.193
0.091,0.079,0.290
-0.170,-0.130,-0.705
-0.118,-0.147,-0.468
0.039,-0.069,0.035
-0.066,-0.112,-0.464
0.056,-0.034,-0.168
-0.022,-0.069,-0.322
0.056,0.036,0.172
-0.005,-0.121,-0.298
-0.031,-0.025,-0.343
0.134,0.140,0.700
0.099,0.131,0.915
0.047,0.044,0.179
-0.022,-0.060,-0.437
0.004,0.018,-0.140
-0.074,-0.130,-0.499
-0.074,-0.034,-0.327
-0.135,-0.138,-0.487
-0.040,-0.025,-0.349
0.091,-0.095,-0.175
-0.005,-0.008,-0.293
-0.022,0.001,-0.133
-0.022,-0.077,-0.384
0.091,0.036,0.644
-0.214,-0.147,-0.754
-0.022,-0.008,-0.309
-0.179,-0.103,-0.671
0.099,0.001,0.054
-0.092,-0.069,-0.445
-0.214,-0.164,-0.695
0.134,0.149,0.709
-0.022,-0.121,-0.413
-0.048,-0.034,-0.260
0.073,-0.017,0.155
0.047,-0.077,-0.142
0.117,0.149,0.749
-0.214,-0.147,-0.728
-0.179,-0.147,-0.725
-0.066,-0.138,-0.473
-0.014,-0.112,-0.374
-0.127,-0.130,-0.591
0.108,0.096,0.491
-0.022,-0.008,-0.291
0.039,-0.095,-0.200
-0.092,-0.077,-0.484
-0.031,-0.025,-0.343
-0.048,-0.130,-0.442
-0.022,0.305,0.641
0.108,0.044,0.222
0.143,0.036,0.672
0.117,0.010,0.275
-0.205,-0.147,-0.640
0.152,0.209,0.018
-0.187,-0.121,-0.653
0.125,0.149,0.613
0.056,-0.086,-0.031
-0.031,-0.103,-0.423
0.082,0.105,0.949
0.021,0.296,0.564
0.047,-0.043,-0.097
0.065,0.157,0.882
0.030,0.018,-0.232
-0.092,-0.060,-0.307
0.108,0.123,0.820
-0.005,0.010,-0.187
0.091,0.123,0.934
0.004,-0.121,-0.303
-0.040,-0.086,-0.467
-0.222,-0.156,-0.751
0.125,0.027,0.671
-0.153,-0.130,-0.552
-0.040,-0.025,-0.358
-0.005,-0.095,-0.366
-0.083,-0.121,-0.430
0.065,0.062,0.014
-0.083,-0.086,-0.612
-0.022,-0.025,-0.331
0.117,0.114,0.627
-0.240,-0.182,-0.545
-0.092,-0.034,-0.344
-0.222,-0.147,-0.718
0.030,-0.121,-0.232
0.082,0.262,0.390
0.082,0.096,0.880
-0.014,-0.112,-0.311
0.039,0.070,0.858
-0.231,-0.173,-0.700
-0.127,-0.103,-0.744
0.012,-0.121,-0.271
0.065,0.088,0.769
-0.109,-0.086,-0.461
0.056,0.001,0.105
-0.040,-0.017,-0.280
-0.022,-0.130,-0.414
-0.048,-0.034,-0.312
0.047,0.166,0.860
0.012,-0.121,-0.271
-0.005,0.001,-0.186
-0.031,0.010,-0.207
-0.109,-0.069,-0.384
-0.048,-0.069,-0.258
0.039,-0.121,-0.177
-0.057,-0.051,-0.314
0.082,-0.069,0.089
-0.118,-0.095,-0.461
-0.040,-0.025,-0.255
-0.109,-0.147,-0.497
-0.109,-0.095,-0.653
-0.127,-0.130,-0.495
0.056,0.175,0.939
0.073,0.044,0.011
0.108,0.027,0.519
0.099,0.062,0.216
0.021,-0.112,-0.206
0.056,0.036,0.227
0.065,0.209,0.954
0.030,-0.086,-0.219
-0.031,-0.008,-0.171
0.099,0.140,0.805
-0.040,0.314,0.733
-0.031,-0.017,-0.322
-0.083,-0.103,-0.527
0.152,0.131,0.651
-0.109,-0.112,-0.465
-0.014,0.010,-0.276
0.021,-0.112,-0.308
0.082,-0.086,-0.180
-0.083,0.322,0.870
-0.153,-0.121,-0.535
-0.083,-0.043,-0.377
-0.040,-0.103,-0.346
0.030,0.010,-0.020
-0.135,-0.112,-0.539
-0.048,0.305,0.691
0.021,-0.086,-0.298
-0.040,-0.130,-0.426
-0.127,-0.130,-0.523
-0.005,0.305,0.609
0.021,0.114,0.971
0.073,0.114,0.671
0.004,0.010,-0.275
-0.109,-0.086,-0.461
-0.066,-0.043,-0.321
0.108,0.114,0.493
0.160,0.105,0.464
-0.057,-0.121,-0.377
-0.083,-0.060,-0.336
-0.074,-0.086,-0.594
-0.127,-0.130,-0.495
0.082,0.027,0.732
-0.170,-0.138,-0.739
0.012,0.296,0.564
-0.144,-0.095,-0.617
-0.187,-0.138,-0.612
-0.040,-0.138,-0.445
-0.040,-0.121,-0.290
0.047,-0.060,-0.180
-0.057,-0.121,-0.481
-0.031,-0.017,-0.193
0.047,0.027,-0.201
-0.057,-0.121,-0.377
-0.092,-0.043,-0.424
-0.066,-0.043,-0.389
0.099,0.079,0.801
0.091,0.088,0.736
-0.101,-0.112,-0.439
-0.022,-0.025,-0.317
-0.135,-0.103,-0.505
0.039,-0.121,-0.177
0.117,0.088,0.716
0.065,-0.008,0.165
0.091,0.105,0.340
0.073,0.270,0.420
-0.127,-0.138,-0.586
0.082,0.262,0.390
-0.083,0.305,0.747
-0.118,-0.103,-0.712
-0.205,-0.130,-0.699
-0.014,0.305,0.691
-0.040,-0.069,-0.365
-0.109,-0.121,-0.588
0.117,0.044,0.632
-0.161,-0.138,-0.568
0.030,0.114,0.941
-0.057,-0.121,-0.399
-0.083,-0.051,-0.338
-0.101,-0.043,-0.320
0.073,0.044,0.215
0.134,0.088,0.524
-0.014,-0.095,-0.277
0.082,0.018,-0.039
-0.101,-0.060,-0.454
0.047,0.314,0.729
-0.005,-0.095,-0.343
-0.057,-0.086,-0.555
0.073,0.270,0.420
-0.057,-0.103,-0.378
-0.109,-0.121,-0.588
0.039,-0.095,-0.252
0.091,0.140,0.917
0.047,0.305,0.593
0.099,0.114,0.474
0.021,-0.008,-0.236
-0.092,-0.060,-0.447
-0.040,-0.138,-0.429
-0.031,-0.077,-0.480
0.125,0.036,0.689
0.108,0.070,0.233
-0.057,-0.017,-0.296
-0.170,-0.156,-0.668
-0.005,-0.060,-0.116
0.091,0.079,0.290
-0.231,-0.164,-0.731
0.065,0.244,0.318
0.091,0.018,0.698
-0.240,-0.173,-0.744
-0.057,-0.025,-0.363
0.012,-0.008,-0.253
0.065,0.053,0.641
0.056,-0.060,-0.154
0.047,0.018,0.137
0.143,0.149,0.572
-0.144,-0.138,-0.525
0.099,0.036,0.812
0.125,0.131,0.656
-0.040,0.305,0.755
0.004,-0.008,-0.195
0.143,0.149,0.696
0.125,0.149,0.640
0.039,-0.069,0.035
-0.014,0.010,-0.276
-0.153,-0.130,-0.552
0.082,0.027,-0.036
-0.144,-0.138,-0.644
0.065,0.253,0.338
0.073,-0.008,0.075
-0.074,-0.112,-0.419
-0.127,-0.086,-0.541
-0.083,-0.086,-0.427
-0.040,-0.043,-0.356
-0.074,0.305,0.718
-0.074,0.305,0.718
-0.109,-0.060,-0.380
0.056,0.262,0.304
0.065,-0.103,-0.245
0.082,0.140,0.825
0.117,0.123,0.619
0.012,0.027,-0.153
-0.231,-0.121,-0.698
-0.170,-0.147,-0.587
-0.066,-0.103,-0.478
-0.214,-0.156,-0.695
-0.040,-0.008,-0.332
0.108,0.070,0.233
0.143,0.140,0.668
-0.127,-0.147,-0.481
0.108,0.036,0.720
0.056,-0.060,-0.154
0.039,0.053,0.677
-0.092,-0.051,-0.441
-0.057,0.296,0.694
0.012,0.305,0.648
-0.048,-0.069,-0.509
-0.222,-0.147,-0.749
0.082,0.105,0.616
0.091,0.253,0.295
-0.074,-0.025,-0.377
-0.074,-0.069,-0.454
0.073,-0.095,-0.142
-0.014,-0.008,-0.240
0.091,0.036,0.160
0.152,0.114,0.607
-0.161,-0.121,-0.570
-0.179,-0.103,-0.671
-0.196,-0.130,-0.654
0.091,0.079,0.409
0.091,0.001,0.055
0.117,0.010,0.157
-0.127,-0.121,-0.591
0.108,0.053,0.839
-0.048,-0.034,-0.312
0.073,0.079,0.358
-0.109,-0.086,-0.432
0.108,0.096,0.783
0.047,-0.095,-0.179
-0.031,-0.008,-0.266
-0.109,-0.060,-0.380
0.021,-0.086,-0.298
0.082,0.027,0.258
-0.074,0.314,0.814
0.012,-0.130,-0.329
0.030,0.279,0.454
-0.005,-0.103,-0.297
0.065,0.053,0.217
0.073,-0.008,0.210
0.125,0.053,0.393
0.099,0.079,0.897
0.108,0.079,0.802
-0.074,-0.077,-0.564
0.108,0.053,0.839
-0.118,-0.112,-0.597
-0.101,-0.077,-0.412
-0.022,-0.069,-0.432
0.134,0.149,0.575
-0.127,-0.147,-0.481
0.056,-0.034,-0.168
-0.170,-0.138,-0.621
-0.135,-0.138,-0.536
-0.074,-0.086,-0.572
0.012,0.296,0.564
0.012,0.018,-0.138
-0.014,-0.121,-0.328
-0.066,-0.130,-0.487
-0.074,-0.069,-0.434
0.152,0.114,0.477
0.134,0.131,0.550
0.056,-0.095,-0.232
-0.074,-0.069,-0.454
0.021,0.018,-0.102
-0.083,-0.069,-0.306
0.004,0.305,0.640
-0.127,-0.112,-0.451
0.099,0.079,0.467
0.065,0.253,0.310
0.186,0.209,0.009
-0.127,-0.147,-0.593
-0.109,-0.138,-0.478
0.082,0.114,0.556
0.012,0.001,-0.247
0.012,0.296,0.630
-0.196,-0.147,-0.665
0.047,0.001,0.091
-0.092,-0.025,-0.404
0.065,0.036,0.189
0.073,-0.043,0.063
-0.144,-0.112,-0.525
-0.005,-0.138,-0.378
-0.074,-0.069,-0.392
0.073,0.131,0.546
0.030,-0.103,-0.239
0.082,-0.008,0.003
0.021,0.296,0.564
-0.144,-0.112,-0.555
-0.214,-0.156,-0.747
-0.022,0.010,-0.311
0.065,-0.060,0.046
-0.074,-0.025,-0.390
-0.048,0.305,0.674
0.047,0.027,0.148
0.099,0.044,0.654
-0.022,-0.025,-0.270
0.065,0.018,0.602
-0.083,-0.034,-0.288
0.082,0.088,0.292
0.091,0.123,0.502
0.073,0.044,0.690
0.012,0.001,-0.177
0.065,0.036,0.234
-0.040,0.305,0.659
0.065,0.175,0.911
0.073,0.183,0.912
0.108,0.079,0.802
-0.014,-0.008,-0.311
-0.074,-0.034,-0.403
0.099,0.079,0.306
0.073,0.079,0.681
0.099,-0.008,0.336
0.012,0.010,-0.172
0.030,-0.069,-0.249
-0.057,-0.121,-0.481
-0.040,-0.103,-0.414
0.143,0.123,0.662
-0.005,-0.095,-0.301
0.004,0.001,-0.271
0.047,-0.103,-0.271
0.021,0.010,-0.237
-0.014,-0.008,-0.288
-0.118,-0.086,-0.435
0.073,0.123,0.634
0.143,0.157,0.612
0.012,-0.138,-0.327
0.152,0.209,-0.019
-0.066,-0.043,-0.321
0.030,-0.069,0.031
-0.014,-0.017,-0.210
0.099,0.010,0.156
0.065,0.296,0.576
0.047,0.036,0.208
0.047,-0.112,-0.183
0.073,0.053,-0.022
0.099,0.096,0.605
0.082,-0.017,-0.056
-0.048,-0.017,-0.340
-0.101,-0.112,-0.470
0.021,0.001,-0.225
0.091,0.001,0.055
0.021,0.288,0.633
-0.144,-0.130,-0.618
-0.092,-0.051,-0.331
0.030,-0.069,0.031
0.073,0.140,0.542
0.073,0.044,0.092
0.030,0.166,0.846
0.047,0.044,0.179
0.134,0.105,0.525
-0.083,-0.034,-0.397
0.099,0.123,0.706
-0.083,-0.051,-0.437
0.108,0.096,0.623
-0.109,-0.121,-0.549
0.091,0.070,0.715
-0.153,-0.156,-0.631
-0.022,0.314,0.782
0.004,-0.103,-0.270
-0.022,0.001,-0.237
0.099,-0.095,-0.136
0.021,0.010,-0.130
-0.022,-0.077,-0.384
0.099,0.018,0.539
0.004,-0.112,-0.271
-0.005,-0.103,-0.341
0.039,-0.060,0.088
0.004,0.288,0.587
0.073,0.027,0.259
0.082,0.253,0.273
-0.014,-0.112,-0.374
-0.014,-0.112,-0.390
0.030,-0.112,-0.215
-0.118,-0.130,-0.415
-0.101,-0.112,-0.532
0.082,0.105,0.673
0.099,-0.095,-0.136
-0.014,-0.095,-0.277
-0.092,-0.051,-0.331
0.134,0.079,0.483
-0.048,-0.069,-0.258
0.082,0.062,0.628
-0.153,-0.121,-0.656
0.004,-0.121,-0.197
-0.022,0.314,0.716
0.030,0.296,0.608
-0.066,-0.112,-0.498
-0.022,-0.112,-0.394
0.091,0.096,0.759
-0.179,-0.147,-0.636
-0.109,-0.130,-0.585
0.091,0.036,0.579
0.091,0.123,0.741
0.117,0.062,0.515
0.073,0.036,0.098
-0.135,-0.130,-0.551
0.047,0.305,0.593
-0.101,-0.060,-0.317
-0.187,-0.147,-0.724
-0.074,-0.043,-0.413
0.073,0.079,0.808
-0.144,-0.138,-0.548
-0.153,-0.138,-0.667
0.056,-0.086,-0.229
-0.066,-0.121,-0.333
0.004,-0.138,-0.352
0.125,0.018,0.183
-0.066,-0.017,-0.371
0.099,0.010,0.537
0.021,-0.121,-0.203
0.065,0.044,0.692
0.012,0.305,0.572
-0.144,-0.147,-0.631
-0.153,-0.138,-0.559
0.021,-0.060,-0.329
0.073,0.253,0.324
0.004,0.001,-0.254
0.004,-0.051,-0.338
0.073,0.088,0.279
0.099,0.123,0.706
0.117,0.044,0.230
0.030,-0.095,-0.294
-0.022,0.314,0.736
-0.101,-0.112,-0.532
0.117,0.114,0.627
-0.074,-0.051,-0.339
0.047,0.175,0.903
0.082,0.131,0.519
-0.074,0.314,0.721
-0.101,-0.069,-0.468
-0.170,-0.138,-0.557
-0.135,-0.121,-0.624
0.004,-0.121,-0.338
-0.022,-0.008,-0.309
-0.048,-0.017,-0.264
-0.109,-0.103,-0.695
0.099,0.123,0.861
0.073,0.123,0.554
-0.118,-0.112,-0.446
0.056,0.062,0.663
0.039,0.288,0.625
-0.066,-0.025,-0.272
0.073,0.070,0.784
0.125,0.123,0.574
-0.040,-0.008,-0.344
0.099,0.131,0.457
-0.074,-0.121,-0.478
0.056,-0.060,-0.154
0.099,0.131,0.715
0.143,0.140,0.698
-0.109,-0.112,-0.590
0.091,0.070,0.269
-0.066,-0.017,-0.382
0.004,0.288,0.587
-0.066,-0.121,-0.389
0.012,0.288,0.569
0.091,-0.008,0.051
0.004,-0.130,-0.356
0.021,0.114,0.971
-0.022,0.001,-0.303
0.143,0.062,0.367
-0.135,-0.086,-0.548
-0.083,-0.086,-0.612
-0.179,-0.138,-0.621
0.099,0.036,0.650
0.065,0.062,0.660
0.021,0.096,0.964
0.099,0.123,0.706
-0.118,-0.130,-0.572
0.091,0.131,0.484
-0.040,-0.069,-0.206
0.143,0.123,0.511
-0.031,0.305,0.656
-0.066,-0.095,-0.559
0.091,0.105,0.340
0.091,0.044,0.227
0.004,0.001,-0.282
-0.118,-0.130,-0.517
0.065,0.175,0.935
-0.005,-0.060,-0.285
-0.135,-0.130,-0.551
0.160,0.201,0.056
0.065,0.166,0.898
-0.083,-0.086,-0.427
-0.127,-0.077,-0.488
0.065,0.175,0.935
-0.031,-0.103,-0.400
-0.031,0.305,0.642
0.082,0.105,0.580
0.152,0.131,0.524
-0.161,-0.147,-0.578
-0.127,-0.112,-0.724
-0.083,-0.043,-0.420
-0.066,-0.130,-0.500
-0.031,-0.103,-0.329
-0.048,-0.077,-0.306
0.108,0.123,0.470
0.091,0.096,0.316
0.047,-0.043,-0.097
0.021,-0.051,-0.299
-0.066,-0.008,-0.371
-0.109,-0.138,-0.508
-0.101,-0.069,-0.394
0.030,0.010,-0.222
0.073,0.131,0.668
-0.144,-0.130,-0.661
-0.057,-0.121,-0.481
0.056,0.262,0.355
0.108,0.070,0.691
0.073,0.088,0.926
0.021,0.305,0.632
-0.074,-0.156,-0.493
0.004,-0.095,-0.237
-0.161,-0.147,-0.578
0.099,0.053,0.733
-0.057,-0.034,-0.283
0.082,0.088,0.881
0.108,0.036,0.665
0.117,0.027,0.688
-0.205,-0.138,-0.738
0.099,0.079,0.306
0.030,-0.086,-0.175
-0.074,-0.112,-0.419
-0.118,-0.130,-0.415
0.030,0.010,-0.234
0.091,0.062,0.252
0.091,0.036,0.714
0.039,0.096,0.902
-0.135,-0.130,-0.533
0.099,0.053,0.769
-0.092,-0.069,-0.467
0.082,0.070,0.271
0.056,0.036,0.172
-0.022,-0.069,-0.457
0.004,-0.095,-0.237
-0.066,-0.051,-0.405
-0.022,-0.103,-0.400
-0.005,0.018,-0.282
0.056,0.018,0.142
-0.040,-0.103,-0.373
0.108,0.070,0.737
-0.031,-0.130,-0.294
0.108,0.123,0.704
0.073,0.070,0.249
-0.118,-0.060,-0.468
-0.066,-0.043,-0.321
0.117,0.149,0.657
-0.066,-0.121,-0.486
-0.031,-0.008,-0.171
0.030,0.175,0.857
0.143,0.201,-0.013
-0.040,-0.121,-0.420
-0.135,-0.112,-0.635
-0.205,-0.130,-0.699
0.047,0.244,0.322
-0.187,-0.130,-0.585
0.091,0.062,0.252
-0.022,-0.008,-0.213
-0.101,-0.121,-0.433
-0.057,-0.025,-0.159
-0.092,-0.112,-0.534
0.143,0.123,0.542
-0.083,-0.112,-0.420
-0.066,-0.077,-0.566
0.091,0.001,0.055
0.039,0.305,0.588
0.152,0.105,0.457
0.039,0.296,0.665
0.004,0.001,-0.271
-0.109,-0.121,-0.499
-0.022,-0.008,-0.148
-0.014,-0.121,-0.384
0.047,0.053,0.711
-0.005,0.001,-0.265
0.143,0.114,0.733
0.134,0.070,0.454
-0.031,-0.103,-0.357
0.108,0.053,0.737
-0.048,-0.008,-0.174
0.108,0.036,0.720
-0.101,-0.103,-0.453
-0.118,-0.121,-0.606
-0.066,0.305,0.702
-0.022,-0.060,-0.437
0.065,-0.103,-0.125
-0.057,-0.017,-0.344
0.047,0.262,0.280
-0.014,-0.095,-0.277
0.117,0.027,0.643
0.125,0.044,0.695
0.039,-0.121,-0.177
0.099,0.053,0.769
-0.196,-0.121,-0.665
0.039,0.183,0.896
-0.057,-0.008,-0.347
-0.057,-0.060,-0.397
-0.092,-0.060,-0.458
-0.083,-0.121,-0.535
0.099,0.105,0.921
0.065,0.027,0.173
0.012,-0.138,-0.327
0.012,-0.051,-0.226
0.117,0.209,0.003
0.065,0.105,0.751
0.108,0.010,0.356
-0.127,-0.121,-0.634
0.082,0.123,0.642
-0.048,-0.025,-0.354
-0.040,-0.138,-0.341
-0.101,-0.103,-0.655
-0.040,-0.130,-0.327
0.117,0.140,0.749
0.091,0.062,0.897
-0.057,-0.017,-0.263
0.065,-0.103,-0.245
0.134,0.044,0.316
0.125,0.018,0.183
-0.231,-0.138,-0.684
0.039,0.036,-0.115
0.073,0.044,0.604
-0.014,-0.103,-0.370
-0.022,-0.103,-0.303
0.082,0.010,0.570
-0.005,0.314,0.714
-0.022,0.314,0.736
-0.101,-0.130,-0.557
-0.066,-0.130,-0.470
0.152,0.140,0.529
-0.005,-0.060,-0.404
-0.057,-0.034,-0.380
-0.092,-0.130,-0.447
0.056,-0.095,-0.247
0.056,0.036,-0.088
0.030,0.114,0.967
-0.127,-0.103,-0.605
0.143,0.088,0.380
0.082,-0.095,-0.072
0.134,0.123,0.578
0.134,0.070,0.609
-0.066,-0.025,-0.323
-0.214,-0.138,-0.740
0.065,-0.086,-0.215
0.143,0.123,0.662
0.134,0.062,0.513
0.012,0.036,-0.204
-0.022,-0.043,-0.232
0.091,0.062,0.252
-0.092,-0.112,-0.393
0.134,0.088,0.720
0.065,0.027,0.234
0.056,0.044,0.248
0.108,0.062,0.652
0.082,0.044,0.676
0.056,0.018,0.202
-0.066,-0.043,-0.389
0.152,0.140,0.493
-0.040,-0.017,-0.280
-0.153,-0.130,-0.697
-0.014,0.001,-0.288
0.056,-0.069,-0.167
0.039,0.036,-0.203
-0.135,-0.103,-0.749
0.056,-0.112,-0.258
-0.022,-0.147,-0.314
-0.014,-0.017,-0.305
0.065,-0.086,-0.196
0.099,0.010,0.537
0.056,0.192,0.965
-0.005,0.018,-0.206
-0.022,-0.103,-0.303
0.047,-0.103,-0.154
0.039,0.001,0.091
0.099,0.131,0.915
0.073,0.279,0.520
0.039,-0.095,-0.162
0.065,0.053,-0.008
0.134,0.131,0.550
-0.014,-0.017,-0.305
0.012,-0.051,-0.305
-0.031,-0.017,-0.336
-0.031,-0.095,-0.403
-0.022,-0.025,-0.270
-0.153,-0.147,-0.640
0.082,-0.069,0.089
-0.196,-0.121,-0.665
0.065,0.018,0.190
-0.153,-0.112,-0.587
-0.135,-0.130,-0.611
-0.014,-0.103,-0.393
0.065,0.062,0.014
-0.109,-0.069,-0.471
-0.092,-0.086,-0.359
0.082,-0.069,0.004
0.012,0.027,-0.219
0.073,0.123,0.554
-0.005,0.001,-0.212
-0.109,-0.069,-0.416
-0.040,-0.121,-0.371
-0.135,-0.121,-0.641
-0.066,-0.034,-0.302
0.004,-0.103,-0.270
-0.092,-0.060,-0.458
0.099,0.070,0.755
0.047,0.053,0.711
-0.083,-0.060,-0.336
-0.057,-0.130,-0.477
0.004,0.027,-0.252
-0.022,0.314,0.736
0.021,-0.103,-0.315
0.012,0.018,-0.168
-0.109,-0.077,-0.497
-0.101,-0.095,-0.435
-0.144,-0.086,-0.402
-0.101,-0.069,-0.482
-0.048,0.305,0.772
0.117,0.044,0.632
0.134,0.140,0.570
0.012,0.010,0.184
0.021,0.036,-0.231
0.099,0.114,0.514
-0.031,-0.069,-0.298
0.134,0.149,0.602
0.056,0.010,-0.166
-0.014,0.001,-0.100
0.117,0.018,0.390
-0.135,-0.095,-0.651
-0.014,0.001,-0.307
0.065,0.209,0.954
0.073,0.140,0.542
0.056,0.044,0.636
-0.127,-0.112,-0.451
0.160,0.114,0.633
-0.014,0.010,-0.302
-0.118,-0.086,-0.508
-0.074,-0.112,-0.347
-0.074,-0.095,-0.586
0.082,0.044,-0.118
-0.022,-0.138,-0.328
-0.083,-0.130,-0.529
-0.127,-0.130,-0.607
-0.005,-0.112,-0.365
0.082,0.027,0.258
0.012,0.018,-0.260
-0.014,-0.095,-0.380
-0.014,-0.095,-0.380
-0.014,-0.008,-0.288
-0.092,-0.069,-0.399
0.082,0.018,0.654
-0.083,-0.051,-0.364
-0.005,0.010,-0.151
-0.101,-0.112,-0.488
0.039,0.288,0.625
-0.005,0.001,-0.212
0.152,0.201,-0.019
0.117,0.105,0.467
0.091,-0.017,-0.033
-0.022,-0.025,-0.243
0.082,0.062,-0.024
0.047,-0.112,-0.183
0.073,0.027,-0.141
-0.127,-0.103,-0.605
0.004,0.296,0.709
-0.101,-0.051,-0.448
0.065,-0.086,-0.196
0.125,0.096,0.572
0.056,0.262,0.304
-0.109,-0.069,-0.471
0.108,0.131,0.672
0.004,-0.008,-0.176
-0.040,0.010,-0.328
-0.118,-0.077,-0.501
0.065,0.036,0.234
0.091,-0.051,0.010
0.021,0.001,-0.100
-0.031,0.305,0.730
0.047,0.070,0.816
0.082,-0.017,0.244
0.117,0.010,0.157
-0.092,-0.043,-0.424
0.004,-0.095,-0.237
-0.083,-0.112,-0.420
-0.066,-0.051,-0.349
0.125,0.027,0.230
-0.048,-0.077,-0.524
-0.153,-0.147,-0.640
0.073,0.044,0.314
-0.005,0.001,-0.228
-0.083,-0.103,-0.499
0.073,0.044,0.092
-0.135,-0.130,-0.646
0.073,0.157,0.852
-0.101,-0.069,-0.482
-0.161,-0.130,-0.544
0.099,0.053,0.260
-0.005,-0.103,-0.245
-0.074,-0.060,-0.427
0.143,0.096,0.593
0.125,0.140,0.606
0.099,0.070,0.780
0.021,0.305,0.605
0.065,-0.086,0.055
0.073,0.044,0.730
0.039,-0.121,-0.177
0.091,0.262,0.355
0.065,0.001,0.101
-0.005,0.296,0.678
0.108,0.140,0.674
0.021,-0.130,-0.237
-0.066,-0.034,-0.246
0.125,0.149,0.613
-0.005,-0.017,-0.293
0.117,0.070,0.893
-0.101,-0.103,-0.542
-0.092,-0.077,-0.518
0.065,0.053,0.711
0.039,0.027,-0.216
-0.005,0.010,-0.274
-0.066,-0.017,-0.382
-0.170,-0.130,-0.579
-0.161,-0.103,-0.706
0.082,-0.051,0.011
0.056,-0.034,0.101
0.082,0.114,0.556
0.099,0.088,0.318
0.108,0.096,0.783
0.056,0.044,0.031
0.091,0.018,0.698
0.073,0.131,0.668
-0.048,-0.017,-0.353
-0.022,-0.069,-0.322
-0.022,-0.034,-0.325
-0.153,-0.138,-0.523
0.117,0.114,0.785
0.073,0.105,0.760
-0.092,-0.103,-0.530
0.021,0.288,0.633
-0.057,-0.034,-0.380
-0.066,-0.025,-0.378
-0.170,-0.121,-0.622
0.056,-0.086,-0.134
-0.048,0.001,-0.253
0.056,-0.103,-0.254
0.012,0.305,0.572
-0.092,-0.103,-0.402
-0.048,0.296,0.672
-0.109,-0.086,-0.596
-0.040,-0.103,-0.414
-0.135,-0.121,-0.545
0.125,0.209,0.054
-0.031,-0.025,-0.274
0.117,0.036,0.746
-0.014,-0.060,-0.404
-0.135,-0.121,-0.675
0.082,0.088,0.292
0.082,0.079,0.270
0.073,-0.103,-0.221
-0.066,-0.138,-0.419
0.073,-0.051,0.028
0.091,0.131,0.606
0.039,-0.069,-0.019
-0.014,0.305,0.621
-0.101,-0.060,-0.370
0.073,-0.095,-0.213
0.012,-0.121,-0.271
-0.092,-0.147,-0.533
0.039,-0.086,-0.037
-0.014,-0.130,-0.392
-0.135,-0.112,-0.499
0.004,0.018,-0.227
-0.083,-0.086,-0.612
0.099,0.140,0.805
-0.057,-0.025,-0.363
0.082,0.027,0.651
-0.153,-0.156,-0.631
-0.109,-0.095,-0.478
-0.022,0.314,0.716
0.056,0.105,0.633
-0.074,-0.060,-0.427
-0.031,-0.008,-0.314
-0.109,-0.095,-0.683
-0.031,-0.069,-0.447
-0.205,-0.138,-0.626
-0.083,-0.043,-0.365
0.117,0.140,0.667
-0.083,-0.043,-0.365
-0.127,-0.130,-0.495
-0.040,-0.034,-0.366
-0.074,-0.034,-0.403
0.065,-0.103,-0.230
0.143,0.062,0.367
-0.179,-0.138,-0.621
-0.135,-0.112,-0.539
-0.057,-0.138,-0.401
-0.014,-0.095,-0.317
0.056,-0.103,-0.023
0.012,0.001,-0.177
0.065,-0.086,0.055
0.152,0.088,0.405
0.152,0.209,0.018
0.082,0.070,0.926
-0.048,-0.130,-0.461
-0.074,0.314,0.814
0.004,0.001,-0.282
0.004,-0.138,-0.352
-0.057,-0.077,-0.529
0.073,0.027,-0.141
-0.048,-0.034,-0.260
-0.005,0.027,-0.268
-0.022,-0.008,-0.246
0.125,0.044,0.695
-0.022,-0.017,-0.326
-0.014,-0.121,-0.293
0.091,0.114,0.945
-0.101,-0.121,-0.433
0.021,0.027,-0.241
0.065,0.166,0.898
-0.005,0.018,-0.259
-0.153,-0.121,-0.689
0.065,-0.086,-0.196
0.012,0.001,-0.155
-0.127,-0.103,-0.605
0.012,-0.086,-0.312
0.039,-0.008,0.145
0.021,-0.069,-0.008
0.099,0.036,0.184
-0.040,-0.025,-0.349
-0.144,-0.138,-0.548
-0.074,-0.112,-0.497
-0.066,-0.156,-0.473
-0.014,-0.043,-0.321
-0.066,-0.086,-0.549
-0.057,-0.069,-0.244
-0.040,0.001,-0.250
-0.083,-0.138,-0.450
0.134,0.123,0.529
-0.040,-0.017,-0.351
-0.066,-0.051,-0.287
-0.066,-0.121,-0.417
-0.040,-0.103,-0.414
0.091,0.123,0.529
-0.161,-0.147,-0.673
-0.031,0.001,-0.219
-0.022,0.010,-0.301
-0.057,-0.121,-0.463
0.004,0.018,-0.272
0.073,0.123,0.634
-0.040,-0.017,-0.246
0.021,-0.103,-0.301
-0.127,-0.112,-0.493
0.065,0.262,0.356
-0.092,-0.069,-0.445
-0.048,-0.051,-0.388
-0.074,-0.103,-0.488
0.091,0.036,0.160
0.099,-0.008,0.336
0.065,0.062,0.014
-0.005,0.305,0.593
-0.187,-0.130,-0.684
-0.092,-0.069,-0.365
-0.214,-0.156,-0.695
-0.022,-0.077,-0.384
-0.127,-0.130,-0.624
-0.014,0.001,-0.203
0.030,-0.130,-0.217
0.056,0.053,0.018
0.065,0.166,0.927
-0.031,-0.025,-0.329
-0.057,-0.069,-0.459
0.065,-0.025,0.172
-0.048,-0.034,-0.370
-0.127,-0.103,-0.724
-0.127,-0.130,-0.607
0.047,0.296,0.613
0.030,-0.103,-0.277
-0.144,-0.138,-0.564
0.065,0.010,0.207
-0.031,-0.095,-0.279
0.082,0.131,0.546
-0.092,-0.103,-0.615
0.091,0.036,0.160
0.004,0.305,0.668
