x,y,t
0.007,0.089,0.262
-0.031,-0.070,-0.694
0.035,-0.005,0.112
0.025,0.033,0.590
-0.106,-0.024,-0.738
0.035,-0.014,0.549
0.035,0.070,0.342
-0.087,0.005,-0.672
0.054,0.014,0.220
0.063,0.033,0.715
0.119,0.042,0.597
0.072,0.014,0.713
0.035,0.005,-0.580
-0.040,-0.014,-0.492
0.054,0.014,0.709
-0.087,-0.005,-0.816
-0.031,-0.070,-0.864
-0.050,-0.005,-0.091
0.025,0.033,0.390
0.016,0.089,0.213
0.007,0.005,0.062
0.063,0.014,0.323
0.016,0.023,0.403
-0.003,0.023,-0.413
-0.021,-0.024,0.068
-0.031,0.061,-0.113
-0.021,-0.005,0.237
-0.050,0.061,-0.509
-0.021,-0.005,0.220
-0.012,0.023,0.181
-0.021,-0.014,0.061
-0.012,-0.024,-0.220
0.007,-0.014,0.074
-0.012,-0.042,-0.515
0.025,0.005,-0.132
-0.012,-0.014,-0.065
-0.012,-0.014,0.383
0.044,0.005,-0.763
-0.003,0.005,0.246
-0.087,-0.005,-0.593
0.063,-0.014,0.716
-0.068,-0.042,-0.714
-0.021,-0.042,-0.667
-0.078,-0.024,-0.387
-0.003,-0.061,-0.842
-0.040,0.079,-0.083
0.007,-0.005,-0.465
-0.031,-0.005,0.227
0.044,0.005,0.543
-0.031,-0.033,-0.872
0.157,0.061,0.927
0.016,0.023,0.408
-0.021,-0.024,-0.365
-0.031,0.005,0.064
0.063,0.070,0.830
0.016,0.014,0.138
-0.059,-0.042,-0.389
0.044,0.051,0.386
-0.012,-0.014,0.236
-0.012,-0.005,0.265
0.035,0.005,0.566
0.129,0.042,0.919
-0.012,-0.042,-0.078
0.025,0.014,0.014
0.082,0.005,0.888
0.025,0.005,-0.601
-0.040,-0.024,-0.088
0.063,0.033,0.378
-0.059,0.023,-0.113
-0.031,-0.024,0.226
-0.021,0.023,0.069
-0.012,-0.042,0.075
-0.012,-0.033,-0.080
0.007,0.005,0.552
0.016,0.005,0.416
0.035,0.005,-0.463
-0.040,-0.052,-0.527
-0.031,-0.042,-0.393
0.063,0.005,0.547
-0.021,-0.052,-0.079
-0.050,0.033,0.095
-0.021,-0.033,-0.652
0.129,0.061,0.711
-0.031,-0.014,-0.215
-0.050,-0.014,-0.231
0.091,0.070,0.723
-0.012,-0.033,-0.218
0.035,0.005,-0.000
0.091,0.005,0.890
-0.031,-0.089,-0.848
-0.050,0.014,-0.161
-0.021,-0.024,0.088
0.091,0.014,0.880
0.035,-0.005,0.704
-0.021,0.005,0.066
0.063,0.005,-0.453
0.007,0.014,-0.233
-0.021,0.070,-0.191
-0.012,-0.005,0.389
0.035,0.023,0.575
0.025,0.023,0.409
-0.040,0.014,-0.063
-0.078,0.005,-0.648
-0.003,-0.005,0.067
0.025,-0.005,0.716
0.025,0.005,0.563
-0.021,-0.005,0.085
0.072,0.070,0.626
0.063,0.033,0.876
0.063,0.042,0.833
0.025,-0.005,-0.602
-0.040,-0.052,-0.380
-0.040,0.005,-0.285
-0.078,-0.042,-0.827
0.007,0.014,0.254
0.044,-0.005,0.573
0.063,0.005,0.729
-0.012,-0.052,-0.715
-0.078,-0.052,-0.550
0.007,0.051,0.259
-0.003,0.005,-0.779
-0.003,-0.005,0.062
-0.068,-0.061,-0.546
0.054,-0.005,0.721
0.035,0.005,0.264
-0.021,-0.014,0.134
0.054,0.014,0.182
-0.003,0.033,-0.089
0.100,0.042,0.434
-0.012,-0.061,-0.531
0.091,-0.014,0.881
-0.059,0.014,-0.379
0.007,0.098,0.208
0.035,0.023,-0.108
-0.021,-0.052,-0.370
-0.040,0.051,-0.151
0.044,0.014,0.713
0.082,0.070,0.611
0.063,0.033,0.838
-0.003,0.014,0.069
0.007,0.098,0.208
-0.003,-0.061,-0.837
-0.040,-0.061,-0.388
0.063,0.033,0.738
0.044,-0.005,-0.423
-0.012,0.005,-0.037
-0.031,-0.014,0.063
-0.031,-0.005,-0.033
-0.087,-0.033,-0.741
-0.096,-0.042,-0.881
0.035,0.014,-0.423
-0.096,-0.005,-0.840
-0.040,0.005,-0.089
-0.040,-0.024,-0.243
-0.012,-0.033,-0.365
-0.021,-0.014,0.219
-0.040,-0.033,-0.240
-0.031,-0.014,0.118
0.007,-0.024,0.074
0.054,0.014,-0.603
-0.078,-0.014,-0.881
0.091,0.061,0.593
0.016,0.005,0.256
-0.012,0.014,0.072
0.025,-0.005,0.400
0.035,0.005,0.416
0.044,0.014,0.552
-0.003,-0.014,0.078
-0.050,-0.024,-0.519
-0.040,0.042,-0.082
0.025,0.005,0.559
-0.021,-0.024,-0.070
0.007,-0.005,-0.379
-0.012,-0.014,0.077
0.063,0.042,0.236
-0.021,0.005,-0.086
0.016,0.061,0.378
0.054,0.005,0.717
-0.031,-0.005,-0.331
0.054,0.033,0.712
-0.050,-0.005,-0.727
0.082,0.005,-0.162
-0.059,-0.024,-0.646
0.025,0.005,-0.091
0.072,-0.014,0.726
-0.031,-0.061,-0.388
-0.003,-0.005,0.231
0.054,0.005,0.542
0.025,0.070,0.506
-0.012,-0.033,-0.080
0.072,0.005,0.572
-0.096,-0.061,-0.874
-0.068,-0.070,-0.704
-0.003,0.014,0.229
0.063,0.023,0.855
-0.059,-0.024,-0.386
-0.059,-0.061,-0.697
0.044,0.042,0.079
-0.078,-0.033,-0.711
0.025,0.005,-0.620
0.044,0.051,0.434
-0.031,-0.061,-0.838
0.035,0.005,0.702
-0.012,0.005,0.271
-0.040,-0.024,-0.086
0.044,0.042,0.607
-0.021,0.014,-0.445
0.016,0.079,0.255
-0.031,-0.005,0.233
0.007,0.014,0.383
0.100,0.070,0.619
0.007,0.005,0.556
0.025,-0.005,-0.490
-0.068,0.014,-0.475
0.016,0.005,0.343
0.035,0.014,0.336
-0.012,-0.014,-0.238
-0.021,-0.033,-0.089
-0.012,-0.042,-0.393
0.072,-0.014,0.711
-0.078,-0.033,-0.705
-0.031,-0.005,-0.066
0.110,0.061,0.651
0.082,0.014,0.878
-0.040,-0.070,-0.842
-0.021,-0.005,0.376
0.147,0.070,0.924
-0.040,-0.042,-0.545
0.016,0.005,0.548
-0.021,0.023,0.052
0.063,0.023,0.735
0.035,0.005,-0.457
0.072,0.042,0.902
-0.059,-0.005,-0.394
0.119,0.051,0.601
0.035,0.033,-0.113
0.035,-0.014,0.402
-0.031,0.033,0.099
0.063,0.042,0.658
-0.050,-0.014,-0.237
-0.012,-0.052,-0.516
-0.012,0.051,0.096
0.082,0.014,0.885
0.007,0.061,0.313
0.007,0.033,-0.291
-0.012,0.033,-0.004
-0.021,-0.042,-0.232
-0.078,0.005,-0.493
0.082,0.005,0.888
-0.012,0.005,0.405
0.016,0.005,0.382
0.044,0.005,0.728
0.025,0.061,0.532
-0.021,-0.042,-0.543
-0.040,0.033,-0.689
0.054,0.051,0.582
0.082,0.005,0.888
0.035,-0.014,0.559
-0.031,-0.042,-0.792
-0.021,0.061,-0.119
-0.050,-0.014,-0.122
0.054,0.051,0.817
0.035,0.051,0.169
0.035,0.005,0.551
-0.021,-0.005,-0.234
-0.012,-0.014,0.084
0.063,0.033,0.604
-0.021,-0.014,0.223
-0.021,-0.014,-0.239
-0.078,-0.052,-0.703
-0.078,-0.080,-0.862
0.025,-0.005,-0.569
0.016,0.033,0.416
-0.003,-0.014,-0.546
0.025,0.014,0.227
0.007,0.042,-0.122
-0.021,-0.061,-0.669
0.054,0.023,0.558
-0.021,-0.024,-0.310
0.091,-0.024,0.881
-0.003,-0.005,-0.091
0.054,0.005,0.714
-0.106,-0.061,-0.872
0.072,0.023,0.893
-0.021,-0.061,-0.696
-0.040,0.070,-0.341
0.063,0.005,0.705
-0.012,-0.042,-0.233
-0.040,0.005,-0.209
0.054,0.005,0.553
-0.059,-0.024,-0.241
0.035,-0.005,0.400
0.063,-0.014,0.714
0.072,-0.005,0.893
-0.040,0.014,-0.613
-0.040,-0.005,-0.375
0.035,-0.005,-0.119
-0.078,-0.033,-0.511
0.007,-0.005,0.406
0.044,0.023,0.391
0.016,0.061,0.743
0.007,-0.024,0.074
-0.078,-0.042,-0.707
-0.031,-0.052,-0.395
-0.078,-0.005,-0.709
-0.012,0.014,0.226
0.025,-0.005,0.705
0.082,0.061,0.612
0.054,0.033,0.678
0.016,-0.024,0.395
-0.021,-0.033,-0.839
-0.003,-0.061,-0.822
0.100,0.079,0.862
-0.068,-0.033,-0.547
-0.012,0.005,0.393
-0.012,-0.024,-0.509
0.007,-0.005,-0.725
0.044,0.005,0.181
-0.031,0.023,0.057
0.044,0.014,0.249
0.091,0.051,0.760
-0.031,-0.052,-0.523
-0.003,0.005,-0.244
0.072,0.005,0.888
-0.040,0.042,-0.198
-0.003,-0.042,-0.524
0.035,0.005,0.226
0.025,0.005,0.415
-0.012,0.014,0.243
-0.078,-0.070,-0.705
-0.003,-0.024,0.082
0.007,-0.014,-0.106
-0.003,0.014,0.061
-0.021,-0.052,-0.537
0.044,0.033,0.711
-0.068,0.014,-0.582
-0.059,-0.042,-0.547
-0.031,0.005,-0.128
-0.021,0.014,0.095
-0.040,-0.014,-0.369
0.138,0.061,0.821
-0.059,-0.033,-0.395
-0.012,0.014,0.403
-0.031,-0.005,0.240
-0.021,0.014,-0.146
0.072,0.033,0.488
0.007,0.014,0.248
-0.031,-0.042,-0.225
-0.050,-0.024,-0.086
-0.050,-0.024,0.068
0.072,0.005,0.892
-0.040,-0.024,0.067
0.082,0.070,0.678
0.016,0.005,0.553
0.100,0.005,0.883
-0.078,0.005,-0.708
-0.021,0.014,-0.087
0.016,-0.005,-0.607
-0.078,-0.033,-0.551
0.054,-0.005,0.891
-0.021,-0.033,-0.369
-0.031,-0.080,-0.856
0.044,-0.005,0.541
0.054,0.033,0.546
-0.050,0.033,-0.328
0.044,0.014,0.113
0.072,0.005,0.714
-0.050,0.023,-0.286
-0.031,0.014,-0.053
0.110,0.042,0.899
-0.050,-0.005,-0.242
0.063,0.061,0.455
-0.003,0.014,0.225
-0.031,-0.052,-0.228
0.082,0.014,0.803
0.007,-0.005,-0.773
-0.021,-0.005,-0.082
-0.021,-0.070,-0.383
0.035,0.033,-0.065
-0.050,-0.014,-0.081
0.044,-0.014,0.553
-0.040,-0.024,-0.223
-0.012,-0.052,-0.543
0.016,-0.014,-0.350
-0.021,-0.033,-0.070
-0.068,-0.005,-0.552
0.025,0.005,0.540
-0.003,-0.070,-0.810
-0.078,-0.042,-0.395
0.072,0.051,0.467
-0.003,-0.005,0.091
0.016,0.051,0.463
-0.031,0.005,-0.085
0.054,-0.005,0.873
-0.012,0.061,-0.081
0.091,-0.005,0.880
0.147,0.061,0.904
0.025,-0.005,-0.347
0.007,0.033,0.465
0.054,0.070,0.587
0.044,0.005,0.708
-0.031,-0.005,0.070
-0.021,0.005,-0.318
-0.003,-0.005,0.245
-0.031,0.061,0.356
0.016,-0.014,0.396
0.147,0.079,0.959
0.035,0.079,0.624
-0.031,0.033,0.129
0.007,0.061,0.615
0.025,0.005,0.713
-0.031,0.005,0.079
-0.021,0.005,-0.600
0.035,0.023,0.711
0.054,0.061,0.855
0.007,-0.005,0.537
0.025,0.005,0.708
-0.068,-0.033,-0.237
0.025,0.051,0.089
0.016,0.033,0.389
-0.031,-0.024,-0.719
0.016,0.051,0.501
-0.021,0.005,0.067
0.044,0.079,0.631
-0.021,-0.014,0.225
-0.003,0.005,-0.049
-0.003,-0.005,0.421
0.072,-0.005,0.893
-0.031,-0.070,-0.839
0.035,0.005,-0.629
-0.040,-0.052,-0.788
0.035,0.061,0.842
-0.050,-0.042,-0.395
0.054,0.014,0.551
-0.040,-0.033,-0.081
-0.040,-0.042,-0.384
0.091,0.033,0.885
-0.012,-0.052,-0.679
-0.003,0.023,0.283
-0.031,-0.061,-0.545
0.044,-0.005,0.565
-0.021,0.014,0.241
-0.078,-0.061,-0.697
-0.021,0.023,-0.123
-0.031,-0.061,-0.545
0.035,-0.005,0.381
-0.031,0.005,0.104
0.025,-0.005,0.386
0.054,0.014,0.570
-0.031,-0.024,-0.855
0.007,0.005,0.382
0.072,0.023,0.521
-0.021,-0.024,-0.444
0.129,0.051,0.784
-0.050,-0.024,-0.225
0.072,0.005,0.704
0.025,-0.014,0.401
0.157,0.051,0.830
-0.012,-0.042,-0.678
-0.031,0.014,-0.192
-0.078,-0.033,-0.390
0.035,0.061,0.582
-0.050,0.005,-0.678
0.054,0.014,0.570
0.100,0.051,0.981
-0.021,-0.014,0.242
-0.021,-0.033,0.095
0.016,0.014,0.387
-0.040,-0.005,-0.771
-0.031,-0.024,0.119
0.025,0.005,-0.576
-0.087,0.005,-0.101
-0.031,-0.024,0.262
-0.050,-0.042,-0.540
-0.068,-0.033,-0.397
-0.012,-0.042,-0.879
-0.021,-0.024,-0.397
-0.040,-0.042,-0.377
-0.021,0.014,0.019
-0.031,0.079,-0.198
0.044,0.005,-0.263
-0.021,0.005,0.053
-0.059,-0.005,-0.227
0.100,0.061,0.639
-0.012,-0.033,-0.062
-0.003,0.014,0.249
0.110,0.033,0.713
0.035,0.033,0.676
-0.040,-0.089,-0.850
-0.040,-0.033,-0.081
-0.031,-0.061,-0.532
0.072,0.014,0.321
0.044,0.014,0.416
-0.012,0.014,0.027
-0.021,0.033,0.247
0.072,0.033,0.912
0.035,0.005,0.702
-0.003,0.014,0.229
0.035,0.014,-0.612
0.054,0.051,0.308
-0.040,0.005,-0.078
-0.031,0.014,0.015
-0.012,0.005,0.081
0.044,0.023,0.727
0.025,0.014,0.541
-0.021,-0.033,-0.221
0.072,0.051,0.801
0.063,0.033,0.738
-0.021,-0.014,-0.093
-0.003,0.023,0.245
-0.068,-0.033,-0.240
-0.059,-0.024,-0.234
-0.040,0.033,-0.164
0.025,0.005,-0.788
-0.012,0.005,0.093
-0.021,-0.024,-0.765
-0.031,-0.024,-0.087
-0.021,-0.005,0.119
0.025,0.023,0.294
0.025,-0.014,0.389
0.035,0.061,0.680
0.054,0.005,0.708
-0.068,-0.014,-0.401
0.007,-0.005,0.068
-0.040,-0.005,-0.075
-0.021,-0.052,-0.844
0.016,0.005,-0.568
0.119,0.042,0.950
-0.031,-0.014,-0.244
-0.031,-0.061,-0.692
-0.087,-0.052,-0.873
-0.031,-0.014,0.065
0.007,-0.014,-0.106
-0.096,-0.061,-0.871
0.025,0.014,0.108
-0.003,0.051,0.214
-0.021,-0.014,0.233
-0.012,-0.080,-0.851
-0.003,-0.014,0.068
-0.021,-0.024,-0.080
-0.031,0.005,-0.702
-0.021,-0.052,-0.384
0.044,0.033,0.551
0.129,0.051,0.980
0.007,0.014,0.383
-0.059,-0.024,-0.521
-0.012,-0.024,-0.744
0.007,-0.005,-0.169
0.044,0.033,0.605
0.016,-0.005,0.715
-0.040,-0.014,0.068
0.044,-0.005,-0.759
-0.012,0.042,0.349
0.054,-0.005,-0.622
-0.012,-0.014,0.426
-0.021,-0.014,-0.242
-0.031,-0.005,0.055
0.044,0.070,0.713
0.016,0.005,-0.012
-0.040,-0.024,0.067
0.082,0.070,0.953
0.129,0.051,0.634
-0.096,-0.070,-0.707
-0.059,0.023,-0.182
-0.050,0.005,-0.073
0.082,0.014,0.869
-0.040,-0.005,-0.070
-0.087,-0.042,-0.706
-0.012,-0.070,-0.690
-0.050,-0.005,-0.247
0.007,-0.005,0.552
-0.012,-0.014,0.070
-0.012,-0.024,0.086
0.035,0.023,0.409
-0.040,-0.005,-0.229
-0.012,-0.061,-0.384
-0.012,-0.014,-0.217
-0.003,-0.024,0.236
0.091,0.051,0.434
-0.012,0.014,-0.085
-0.003,0.005,-0.189
0.016,0.042,0.682
0.035,-0.005,0.704
-0.040,-0.033,-0.086
0.016,-0.005,-0.349
0.016,0.005,-0.223
-0.059,0.005,-0.267
-0.012,-0.014,0.088
-0.040,-0.005,-0.245
0.035,-0.005,0.870
0.063,0.023,0.586
0.025,0.005,0.222
0.025,-0.005,-0.463
-0.059,-0.024,-0.687
0.007,0.051,0.312
0.016,-0.005,-0.772
-0.050,-0.014,-0.402
-0.040,-0.070,-0.846
-0.012,-0.024,0.072
-0.087,-0.033,-0.880
-0.021,-0.014,0.242
-0.059,0.042,-0.322
0.082,0.051,0.826
-0.012,-0.014,-0.563
0.007,0.023,0.220
0.025,0.033,0.328
0.044,0.014,0.548
0.063,0.051,0.952
0.072,0.033,0.214
0.082,0.005,0.727
0.016,0.014,0.254
0.082,0.079,0.753
-0.059,-0.014,-0.403
-0.012,-0.005,-0.060
-0.040,-0.024,-0.520
-0.087,-0.042,-0.879
0.091,0.014,0.884
0.054,0.051,0.952
-0.031,-0.014,-0.395
-0.021,0.005,0.083
0.044,0.051,0.386
-0.031,-0.014,-0.092
0.035,-0.005,0.704
-0.040,-0.005,-0.223
0.082,-0.005,0.881
0.082,0.033,0.653
0.035,0.061,0.636
-0.003,-0.052,-0.662
-0.031,-0.080,-0.846
0.063,-0.014,0.714
0.025,-0.005,-0.630
-0.003,-0.014,-0.062
0.035,0.005,0.563
-0.040,0.005,0.075
-0.021,-0.070,-0.679
-0.021,-0.080,-0.841
-0.040,0.023,-0.552
0.072,0.033,0.362
-0.012,-0.005,-0.564
0.016,0.070,0.428
-0.003,0.051,0.321
-0.068,-0.061,-0.855
-0.021,-0.052,-0.226
0.063,0.023,0.080
0.007,-0.014,0.233
-0.012,0.014,0.241
0.007,-0.005,0.560
0.063,-0.005,0.554
0.100,0.033,0.813
-0.021,-0.005,-0.061
0.082,-0.014,0.882
-0.040,-0.014,0.072
-0.040,-0.042,-0.377
-0.096,-0.005,-0.686
-0.031,0.005,0.082
0.129,0.051,0.741
-0.031,-0.005,-0.186
0.110,0.070,0.974
0.044,0.051,0.770
-0.087,-0.061,-0.696
-0.040,-0.005,-0.086
0.091,0.014,0.894
0.025,0.051,0.594
0.035,-0.005,0.550
-0.012,-0.042,-0.384
-0.003,-0.005,-0.057
-0.050,-0.005,-0.284
-0.040,-0.014,-0.550
-0.012,-0.014,0.075
-0.031,-0.052,-0.834
0.016,0.005,-0.483
0.007,0.023,0.383
-0.012,0.023,-0.012
-0.059,-0.024,-0.088
-0.031,-0.052,-0.230
-0.012,0.005,0.024
-0.040,-0.042,-0.615
-0.050,-0.014,-0.226
0.025,0.070,0.590
-0.021,-0.033,-0.514
0.063,0.005,-0.284
0.025,0.061,0.586
-0.003,0.005,0.400
-0.050,0.005,-0.414
0.007,-0.005,0.104
-0.021,-0.024,-0.087
0.054,0.005,0.569
0.025,0.079,0.563
-0.021,-0.014,-0.239
-0.012,0.014,0.241
0.100,0.051,0.604
0.063,-0.014,0.720
-0.003,0.014,0.225
-0.003,0.014,0.386
0.035,0.033,0.571
-0.021,-0.070,-0.633
0.007,0.042,0.252
0.007,-0.005,-0.567
-0.031,0.005,-0.089
-0.040,-0.014,0.072
0.110,0.023,0.976
0.119,0.061,0.755
-0.012,-0.005,0.385
-0.003,-0.070,-0.843
-0.031,0.079,-0.247
0.100,0.042,0.969
-0.021,-0.033,-0.839
-0.003,0.014,0.383
0.016,0.005,0.382
0.044,0.023,0.572
0.072,0.042,0.257
-0.012,0.005,0.067
0.016,-0.005,-0.642
-0.078,-0.033,-0.711
-0.050,0.023,-0.105
-0.003,0.033,0.391
-0.012,0.005,-0.094
-0.040,-0.005,-0.459
-0.003,-0.024,0.082
-0.021,0.014,0.019
0.072,0.023,0.706
-0.040,-0.033,-0.224
0.091,-0.014,0.886
0.072,0.061,0.886
-0.021,-0.033,0.080
0.082,0.005,0.876
-0.012,-0.042,-0.678
-0.031,-0.024,-0.417
-0.040,-0.042,-0.526
-0.003,-0.005,0.166
0.054,0.014,0.692
-0.031,-0.014,-0.664
0.044,0.005,0.565
-0.040,-0.014,0.233
0.035,0.014,-0.603
0.147,0.061,0.941
0.025,0.014,0.545
-0.031,-0.033,-0.063
-0.040,-0.033,-0.374
-0.087,-0.042,-0.545
-0.050,0.033,-0.025
0.007,-0.005,0.389
-0.003,0.051,-0.118
-0.078,-0.024,-0.522
0.044,0.051,0.729
-0.021,-0.061,-0.676
-0.059,-0.042,-0.562
0.100,0.061,0.775
-0.050,-0.005,-0.230
0.007,-0.024,0.231
-0.059,-0.033,-0.678
0.044,-0.005,-0.788
-0.021,-0.005,0.237
0.054,0.079,0.590
-0.003,0.014,0.125
-0.021,-0.033,-0.390
0.016,-0.005,0.399
0.072,0.051,0.771
-0.078,-0.005,-0.875
-0.087,-0.042,-0.711
-0.050,-0.024,-0.657
0.063,0.023,0.735
-0.003,-0.005,-0.437
-0.012,-0.080,-0.851
0.016,0.005,0.544
-0.059,0.023,-0.398
-0.003,0.014,0.249
-0.012,-0.005,0.089
-0.050,0.033,-0.025
-0.078,-0.033,-0.693
0.091,-0.005,0.892
-0.012,-0.061,-0.822
0.091,0.023,0.878
0.082,0.042,0.937
-0.040,-0.080,-0.856
0.044,0.005,-0.445
0.016,-0.014,0.233
-0.087,-0.024,-0.669
0.007,0.005,0.378
0.054,0.042,0.158
-0.012,0.089,0.088
0.025,0.005,0.222
0.091,-0.024,0.896
-0.050,-0.024,-0.088
-0.050,-0.024,-0.242
0.063,0.005,-0.613
-0.031,-0.042,-0.518
0.035,0.005,-0.463
-0.050,0.014,-0.203
0.016,-0.014,0.253
0.025,-0.014,0.559
-0.012,0.005,-0.453
-0.021,-0.042,-0.514
-0.012,-0.033,0.075
0.044,0.014,0.249
-0.031,0.005,-0.132
-0.003,0.023,0.140
0.072,0.014,0.728
-0.096,-0.080,-0.866
0.025,0.005,-0.449
-0.040,0.033,-0.689
0.035,0.014,0.388
-0.003,0.089,0.191
0.035,0.005,0.554
-0.031,0.005,0.605
-0.040,-0.005,-0.283
-0.012,0.005,0.393
0.016,-0.005,-0.268
-0.003,-0.042,-0.883
-0.031,0.042,-0.123
0.091,0.061,0.917
-0.012,0.005,0.086
-0.096,-0.052,-0.861
-0.078,0.005,-0.378
-0.021,-0.024,-0.077
-0.068,0.005,-0.557
-0.031,-0.042,-0.387
-0.040,-0.052,-0.233
0.025,0.005,-0.456
0.119,0.061,0.638
0.091,0.033,0.743
0.091,-0.005,0.877
0.035,0.005,-0.310
-0.021,0.014,0.227
0.007,-0.005,-0.624
-0.003,0.005,0.264
-0.021,0.014,0.076
-0.021,-0.014,0.233
-0.040,-0.005,-0.092
0.054,-0.005,-0.626
0.007,-0.005,0.398
-0.021,-0.005,-0.686
0.007,0.005,0.545
0.016,-0.005,0.066
-0.031,-0.080,-0.863
0.035,0.061,0.582
-0.068,0.014,-0.542
0.025,-0.005,0.112
-0.012,0.023,-0.373
0.035,0.014,0.546
-0.068,0.023,-0.212
0.007,0.005,0.068
0.007,0.089,0.262
0.054,-0.005,0.891
0.054,-0.005,0.552
-0.003,-0.014,0.074
0.072,0.014,-0.167
0.025,-0.024,0.389
-0.012,-0.052,-0.715
0.007,0.005,-0.587
0.035,0.051,0.614
-0.021,0.014,0.218
-0.012,-0.052,-0.220
-0.050,-0.014,-0.637
0.035,0.005,-0.423
0.063,0.079,0.913
0.035,0.014,-0.603
0.054,0.061,0.983
0.025,-0.005,0.039
0.035,-0.005,0.411
-0.012,-0.033,-0.072
-0.040,-0.014,-0.082
-0.078,-0.042,-0.547
-0.021,-0.005,-0.064
-0.003,-0.052,-0.679
0.035,-0.005,-0.608
0.110,0.070,0.694
0.007,-0.024,0.426
-0.031,-0.014,-0.215
-0.003,-0.005,0.072
0.044,0.051,0.698
-0.031,-0.061,-0.673
-0.040,-0.005,0.233
-0.031,0.061,0.175
-0.021,-0.005,-0.149
0.025,-0.005,-0.790
0.138,0.061,0.771
0.054,0.005,-0.301
-0.003,-0.033,0.074
0.025,-0.005,0.224
-0.003,0.042,0.192
-0.050,-0.014,-0.235
-0.031,0.014,0.061
0.016,0.023,0.386
-0.003,0.014,0.173
-0.031,0.005,0.605
-0.078,0.005,-0.708
-0.087,-0.033,-0.709
-0.078,0.023,-0.755
0.082,0.014,0.591
0.007,0.005,-0.054
-0.031,0.033,-0.035
-0.059,-0.024,-0.728
-0.050,0.061,-0.408
-0.031,-0.024,-0.307
0.044,0.033,0.869
0.035,-0.005,0.058
0.072,-0.014,0.888
0.119,0.051,0.714
-0.021,-0.014,0.065
-0.021,0.005,0.233
-0.021,-0.014,0.069
-0.012,0.079,-0.051
0.016,-0.014,-0.624
-0.031,-0.005,0.231
-0.050,0.005,-0.819
0.082,0.005,0.888
-0.050,0.023,-0.368
0.025,-0.005,-0.735
-0.040,0.033,-0.094
0.082,0.014,-0.137
-0.059,0.005,-0.241
-0.021,-0.061,-0.386
0.044,0.033,0.398
-0.003,0.033,-0.032
-0.078,-0.061,-0.541
0.035,0.061,0.249
0.044,0.005,0.879
-0.031,-0.052,-0.146
0.007,0.005,0.542
-0.050,0.023,-0.481
-0.031,-0.033,-0.372
-0.031,-0.052,-0.673
-0.012,0.014,0.151
-0.021,-0.052,-0.393
0.035,0.005,0.393
-0.012,-0.070,-0.837
-0.021,-0.014,-0.580
-0.012,-0.033,-0.068
0.016,0.023,0.246
-0.021,0.014,0.067
-0.021,0.051,0.293
-0.003,-0.024,-0.087
0.044,0.023,0.691
-0.012,0.005,-0.083
0.063,0.033,0.884
0.044,-0.005,0.209
0.054,0.023,0.065
0.091,0.042,0.945
-0.031,0.014,-0.026
-0.050,-0.042,-0.700
-0.031,-0.014,0.073
0.007,-0.005,-0.128
0.007,0.042,0.334
-0.021,0.005,-0.794
0.016,0.042,0.300
0.025,0.005,-0.274
0.025,0.061,0.586
0.082,0.051,0.499
0.007,-0.005,-0.169
-0.012,-0.070,-0.666
-0.040,-0.014,-0.396
-0.012,-0.024,-0.240
0.063,0.033,0.892
0.025,0.051,0.792
-0.021,0.014,0.081
-0.031,-0.061,-0.541
-0.068,-0.052,-0.702
0.044,0.033,0.565
-0.050,-0.014,-0.402
-0.012,-0.005,-0.463
-0.040,-0.070,-0.864
-0.012,-0.052,-0.233
0.025,0.005,-0.777
0.025,0.042,0.603
0.016,0.070,0.494
-0.050,-0.033,-0.235
0.072,0.005,0.878
0.157,0.051,0.929
-0.012,-0.061,-0.673
-0.021,-0.052,-0.670
-0.068,-0.033,-0.691
-0.031,0.023,-0.381
-0.059,-0.052,-0.540
0.054,0.014,0.732
-0.021,-0.014,-0.122
-0.021,-0.033,-0.078
0.082,0.005,0.883
-0.012,0.033,-0.388
-0.078,0.023,-0.235
-0.003,0.005,0.392
0.035,-0.005,-0.449
-0.012,-0.005,-0.015
-0.012,-0.005,-0.054
-0.050,0.014,-0.161
-0.012,-0.005,-0.089
0.091,-0.005,0.883
-0.003,0.051,0.548
-0.003,0.023,0.230
-0.050,-0.052,-0.546
0.054,0.005,0.725
-0.096,-0.005,-0.686
-0.012,-0.005,0.069
0.016,0.014,0.541
-0.012,-0.042,-0.220
-0.059,0.042,-0.322
-0.012,-0.014,-0.085
-0.068,-0.014,-0.240
-0.068,-0.033,-0.722
0.016,0.005,0.067
-0.003,0.014,0.244
-0.003,-0.005,0.241
-0.031,0.023,-0.381
-0.040,0.005,-0.082
-0.012,-0.042,-0.607
0.072,0.042,0.801
0.016,-0.005,0.555
-0.003,-0.024,-0.648
-0.012,0.033,-0.241
0.054,-0.005,0.736
-0.012,0.089,0.028
-0.059,-0.014,-0.088
-0.031,0.023,-0.467
0.035,-0.005,0.722
-0.078,-0.014,-0.712
0.035,-0.005,0.391
0.044,0.023,0.852
-0.059,-0.033,-0.568
0.072,0.070,0.911
-0.003,-0.042,-0.381
0.007,0.079,0.033
-0.021,-0.014,0.067
-0.012,0.079,-0.051
-0.031,-0.061,-0.388
0.072,0.051,0.327
-0.068,-0.052,-0.546
-0.012,-0.061,-0.849
0.016,-0.014,-0.624
-0.096,-0.070,-0.850
-0.003,0.005,0.226
0.129,0.042,0.621
0.016,0.005,-0.618
0.007,-0.014,0.090
-0.012,-0.070,-0.828
0.025,-0.014,0.550
-0.012,-0.005,0.242
-0.031,-0.052,-0.699
-0.012,-0.005,-0.299
-0.012,0.042,-0.185
-0.040,-0.014,0.063
0.035,0.023,0.711
-0.040,0.023,-0.031
-0.021,-0.070,-0.861
0.072,0.079,0.754
0.044,-0.005,0.724
-0.087,-0.042,-0.872
-0.003,0.014,0.242
-0.040,0.005,-0.695
-0.050,-0.042,-0.543
-0.021,-0.061,-0.690
-0.031,-0.024,-0.217
-0.068,0.023,-0.286
0.025,0.051,0.724
-0.003,-0.005,0.002
0.007,-0.014,0.392
-0.059,0.014,-0.197
-0.040,-0.033,-0.518
-0.059,-0.042,-0.708
-0.021,-0.042,-0.234
-0.021,0.051,0.102
-0.021,0.079,0.029
-0.003,0.005,0.163
-0.031,-0.024,0.064
0.035,0.005,0.416
0.007,0.014,0.401
-0.087,-0.061,-0.875
-0.021,-0.052,-0.828
-0.003,-0.033,-0.077
-0.003,0.061,0.282
0.035,-0.005,-0.185
0.016,0.005,-0.618
-0.031,-0.089,-0.860
0.016,-0.005,-0.100
0.016,0.005,0.101
0.044,0.014,0.275
0.054,0.023,0.727
-0.059,-0.042,-0.823
-0.012,0.005,0.086
-0.012,-0.024,-0.078
-0.012,0.014,0.067
0.007,0.023,0.407
0.035,0.014,0.403
0.016,0.042,0.578
-0.021,0.014,0.019
0.025,-0.005,0.234
-0.003,-0.014,-0.084
0.091,0.089,0.975
0.072,0.089,0.915
-0.031,-0.052,-0.547
0.016,0.023,0.390
0.044,0.014,0.416
0.072,0.070,0.968
0.138,0.070,0.850
0.025,0.023,0.379
0.072,0.005,0.714
0.016,0.014,0.231
0.054,0.061,0.771
0.035,0.033,0.391
-0.078,-0.042,-0.540
-0.031,-0.014,0.067
-0.040,0.051,-0.075
0.044,0.014,0.727
-0.012,-0.024,-0.067
0.100,0.070,0.716
-0.021,-0.014,-0.614
0.044,0.005,0.872
-0.040,0.023,-0.246
-0.068,-0.061,-0.701
-0.012,-0.070,-0.844
-0.012,0.051,0.169
-0.078,-0.024,-0.676
-0.031,-0.052,-0.377
-0.003,-0.024,0.334
0.035,-0.005,0.262
-0.012,0.005,-0.087
-0.031,-0.099,-0.728
0.007,-0.005,0.545
-0.021,-0.052,-0.689
-0.031,-0.052,-0.514
-0.021,-0.033,-0.243
-0.040,-0.005,-0.079
-0.040,-0.014,-0.248
-0.021,-0.005,0.389
0.035,-0.005,-0.119
-0.040,-0.014,-0.092
-0.003,-0.014,-0.039
-0.040,-0.024,-0.378
0.100,0.042,0.932
0.016,-0.014,0.070
-0.003,-0.042,-0.080
-0.087,-0.061,-0.542
-0.021,0.005,0.382
0.007,-0.005,0.541
-0.031,0.042,-0.123
0.044,0.033,0.677
-0.068,0.005,-0.357
0.044,0.033,0.668
-0.012,-0.014,0.225
-0.021,-0.033,-0.221
-0.087,-0.005,-0.563
-0.031,-0.014,0.219
0.025,0.051,0.497
0.091,0.051,0.508
0.054,0.042,0.909
0.147,0.051,0.785
0.063,0.023,0.379
-0.059,-0.024,-0.397
-0.050,-0.024,-0.077
0.016,-0.005,-0.772
0.025,-0.005,0.258
-0.003,-0.005,0.550
0.063,0.005,0.740
0.025,0.005,0.106
-0.040,0.005,-0.093
0.054,0.033,0.606
-0.012,-0.014,-0.681
-0.031,-0.061,-0.381
-0.059,-0.033,-0.234
-0.096,-0.005,-0.840
-0.012,-0.014,-0.204
0.063,0.033,0.646
0.110,0.033,0.460
0.025,-0.005,0.742
-0.040,-0.024,-0.548
0.082,0.005,0.740
0.054,0.014,-0.457
0.035,-0.005,0.609
0.044,0.042,0.496
0.072,0.061,0.475
-0.021,-0.042,-0.070
0.100,0.033,0.755
-0.031,0.023,0.019
-0.096,-0.080,-0.866
0.035,0.005,-0.614
0.016,-0.005,0.542
-0.031,0.005,0.605
-0.012,-0.061,-0.366
-0.021,-0.033,-0.216
-0.012,-0.052,-0.686
-0.031,0.005,0.069
-0.003,0.005,0.376
0.035,-0.005,0.560
0.016,0.005,-0.768
-0.050,-0.033,-0.710
0.007,0.005,0.068
0.063,0.014,-0.301
-0.021,-0.061,-0.874
0.044,0.023,0.865
-0.040,0.005,0.068
-0.003,-0.005,0.067
-0.021,-0.070,-0.383
0.044,0.061,0.619
0.016,0.033,0.274
-0.021,-0.005,0.234
-0.003,-0.005,-0.057
0.007,-0.005,-0.733
-0.050,-0.014,-0.122
-0.087,-0.042,-0.824
-0.096,-0.070,-0.878
0.072,-0.014,0.726
-0.012,0.079,-0.099
0.016,0.042,0.086
0.063,0.070,0.780
-0.078,-0.061,-0.704
-0.031,0.023,0.097
-0.050,-0.014,0.065
0.054,0.005,0.548
0.063,0.014,0.190
0.044,0.033,0.571
-0.012,-0.014,-0.489
0.025,-0.005,0.709
-0.050,0.033,-0.105
-0.078,0.005,-0.378
0.044,0.005,0.578
0.035,0.051,0.487
-0.012,-0.005,-0.780
-0.059,-0.005,-0.242
-0.012,-0.033,0.079
0.035,0.005,0.707
-0.021,-0.061,-0.543
-0.021,-0.052,-0.832
-0.068,-0.024,-0.719
0.007,0.005,-0.178
0.016,0.005,0.382
0.110,0.023,0.908
-0.012,0.051,0.365
0.035,0.005,0.545
-0.040,-0.042,-0.225
-0.003,0.033,-0.389
-0.012,-0.052,-0.572
0.082,0.014,0.713
0.100,0.005,0.883
-0.003,-0.024,0.236
-0.078,0.005,-0.378
-0.012,-0.014,-0.238
-0.021,-0.033,-0.216
-0.087,-0.052,-0.705
-0.021,-0.014,0.088
-0.012,-0.052,-0.838
-0.012,0.005,0.390
-0.040,-0.080,-0.861
0.035,0.005,0.573
-0.078,-0.024,-0.800
0.016,0.005,0.112
-0.087,-0.052,-0.883
-0.040,-0.014,-0.280
-0.040,0.014,-0.247
-0.040,-0.014,0.224
-0.068,0.014,-0.317
0.110,0.061,0.707
-0.078,-0.024,-0.585
0.063,0.033,0.562
-0.040,-0.061,-0.540
0.025,0.014,-0.770
-0.003,0.051,0.466
-0.078,-0.070,-0.546
0.054,0.023,0.547
-0.031,-0.061,-0.537
0.063,0.023,0.717
-0.021,-0.024,-0.721
0.016,-0.005,0.261
-0.012,0.042,0.068
0.035,-0.005,-0.347
-0.068,-0.005,-0.704
0.016,0.005,0.912
0.044,0.023,0.414
-0.050,-0.061,-0.866
0.119,0.061,0.707
-0.040,-0.089,-0.861
0.044,0.033,0.730
-0.068,-0.033,-0.553
0.166,0.051,0.956
-0.012,-0.014,0.097
-0.031,-0.024,-0.220
-0.021,-0.042,-0.396
-0.031,-0.052,-0.234
0.016,0.014,0.138
-0.078,-0.033,-0.393
0.016,-0.024,0.389
0.044,0.033,-0.058
-0.012,-0.005,0.217
-0.059,-0.042,-0.694
-0.087,-0.070,-0.875
0.072,0.042,0.875
-0.021,-0.005,0.388
0.072,0.042,0.419
-0.059,0.014,-0.452
-0.021,-0.042,-0.371
-0.040,0.005,-0.348
0.025,0.005,0.382
0.007,0.089,0.072
-0.031,-0.061,-0.679
-0.040,-0.042,-0.542
-0.050,-0.024,-0.244
0.063,0.014,0.190
-0.003,0.042,0.272
0.025,-0.005,0.248
-0.059,-0.033,-0.398
-0.031,0.051,-0.047
0.072,0.005,0.709
0.025,0.005,0.226
-0.059,-0.014,-0.396
-0.031,-0.033,-0.219
-0.003,-0.014,0.245
0.035,0.005,-0.264
-0.059,-0.052,-0.702
-0.012,-0.005,0.059
-0.059,0.033,-0.171
0.007,0.098,0.348
-0.040,-0.014,-0.822
0.054,-0.005,0.724
-0.059,0.023,-0.450
-0.003,-0.042,-0.818
-0.031,0.014,-0.259
0.044,-0.005,-0.788
-0.003,0.005,0.246
0.072,0.033,0.488
-0.003,-0.061,-0.822
0.044,0.033,0.029
-0.059,-0.042,-0.397
0.035,0.051,0.427
0.054,0.023,0.683
0.082,0.014,-0.137
-0.021,-0.014,0.061
0.007,-0.024,0.388
0.044,-0.005,0.565
-0.031,-0.014,-0.072
-0.031,-0.042,-0.225
0.063,0.014,-0.441
0.063,0.061,0.799
-0.040,0.070,0.212
0.044,-0.005,0.550
-0.012,-0.033,0.071
-0.031,-0.033,-0.234
-0.040,0.042,0.088
-0.012,-0.061,-0.843
-0.021,-0.061,-0.537
0.025,0.014,0.258
0.100,0.042,0.700
0.025,0.042,0.008
-0.059,-0.014,-0.081
-0.021,0.089,0.128
-0.078,-0.005,-0.586
0.025,0.023,0.555
0.035,0.033,0.275
0.063,0.014,0.733
-0.040,0.023,0.085
0.063,0.005,0.734
-0.003,0.005,-0.779
-0.012,0.014,0.116
0.016,-0.005,-0.788
0.025,-0.005,0.393
-0.068,-0.033,-0.390
0.082,0.014,0.591
0.035,0.033,0.303
0.072,0.005,-0.461
-0.050,-0.024,-0.376
0.054,0.033,0.082
-0.012,-0.061,-0.693
0.072,0.033,0.362
-0.050,0.033,-0.250
-0.021,-0.024,-0.665
-0.021,-0.033,-0.229
-0.012,0.051,0.232
0.082,0.033,0.878
-0.021,-0.033,-0.089
0.072,0.005,0.719
-0.031,0.023,-0.085
0.110,0.051,0.541
-0.012,-0.014,-0.062
0.035,0.014,0.075
-0.031,-0.052,-0.374
-0.040,-0.024,-0.086
0.063,0.033,0.582
0.072,0.014,0.717
-0.096,-0.052,-0.861
-0.031,-0.014,-0.370
-0.059,-0.005,-0.522
-0.003,-0.005,0.399
-0.021,-0.005,0.232
0.054,0.014,0.551
-0.031,-0.014,-0.088
0.072,-0.014,0.881
-0.031,-0.005,-0.091
0.044,0.014,0.249
-0.031,-0.042,-0.393
-0.050,0.014,-0.240
-0.003,0.023,0.115
0.016,0.005,0.390
0.063,0.033,0.510
-0.021,0.061,0.328
-0.068,-0.042,-0.397
0.007,-0.014,-0.041
-0.059,-0.042,-0.547
0.035,0.005,0.420
0.007,0.005,0.254
-0.040,-0.024,0.091
-0.021,-0.024,-0.244
-0.031,-0.052,-0.228
-0.031,-0.014,0.236
0.007,0.070,0.603
-0.003,-0.042,-0.832
0.035,-0.005,-0.194
-0.087,-0.061,-0.542
0.054,0.005,0.725
0.044,-0.005,-0.624
0.016,-0.005,-0.492
-0.031,-0.014,0.068
0.025,0.005,0.544
0.007,0.051,0.312
0.025,0.005,0.376
0.035,0.005,-0.774
-0.068,-0.033,-0.401
0.016,0.005,-0.773
-0.012,-0.005,0.380
-0.068,-0.080,-0.844
0.007,0.033,0.219
0.025,-0.014,0.386
-0.031,-0.089,-0.860
-0.031,0.014,-0.581
0.100,0.051,0.542
-0.003,-0.042,0.073
-0.031,0.014,-0.686
-0.050,-0.024,0.077
-0.068,-0.061,-0.706
-0.003,-0.014,0.238
-0.031,-0.014,-0.196
-0.031,-0.005,-0.723
0.138,0.051,0.803
-0.021,-0.014,0.083
0.054,0.005,0.873
0.063,0.042,0.173
-0.031,0.042,0.153
0.035,-0.005,0.709
0.091,0.042,0.879
-0.031,0.023,0.019
-0.003,-0.024,0.231
0.035,0.014,-0.615
-0.096,-0.014,-0.689
0.082,0.033,0.884
-0.040,-0.014,-0.231
0.072,0.033,0.707
0.054,0.023,0.875
0.007,-0.005,0.430
0.025,0.005,-0.422
-0.003,-0.033,0.310
-0.031,-0.042,-0.372
0.007,-0.005,0.233
0.082,0.042,0.817
-0.012,-0.024,-0.434
-0.087,-0.061,-0.702
-0.021,-0.033,-0.588
-0.040,-0.005,-0.238
-0.040,-0.052,-0.380
0.007,0.014,0.074
0.025,0.033,0.508
0.025,-0.005,-0.035
0.007,0.014,0.254
-0.078,-0.033,-0.393
0.054,0.014,-0.457
-0.003,0.061,0.215
0.063,0.014,-0.009
-0.078,-0.099,-0.802
-0.031,-0.080,-0.846
0.035,0.005,-0.457
-0.050,0.023,-0.711
-0.031,0.033,-0.366
0.016,0.014,0.404
-0.050,-0.024,-0.403
-0.003,0.014,-0.016
0.025,0.005,0.410
-0.021,0.051,0.293
0.044,0.005,-0.575
0.007,0.014,0.068
-0.031,-0.061,-0.529
-0.068,-0.014,-0.384
0.016,-0.005,-0.624
-0.003,-0.014,0.245
-0.021,-0.005,0.106
-0.021,-0.005,0.061
-0.031,-0.052,-0.380
-0.031,-0.005,-0.151
-0.078,-0.052,-0.547
0.035,0.005,0.788
-0.012,-0.014,-0.085
-0.021,0.005,0.080
0.025,0.005,-0.630
0.072,0.023,0.340
-0.003,-0.061,-0.832
-0.021,0.033,-0.296
0.147,0.061,0.941
0.035,0.033,0.709
-0.031,-0.042,-0.232
0.025,-0.005,-0.347
-0.031,-0.070,-0.531
0.044,0.051,0.893
-0.021,0.005,0.066
0.035,0.014,0.725
0.110,0.061,0.651
-0.087,-0.052,-0.722
-0.012,-0.005,-0.089
0.082,-0.005,0.886
-0.031,0.023,-0.261
0.035,0.023,0.548
-0.031,-0.014,-0.606
0.072,0.033,0.738
-0.040,-0.005,-0.375
0.082,0.005,0.717
-0.059,-0.014,-0.431
0.044,0.005,-0.305
0.082,-0.014,0.716
-0.050,0.005,-0.073
-0.012,-0.052,-0.230
0.035,0.005,0.566
0.025,0.061,0.586
0.072,0.005,-0.283
-0.031,0.023,0.057
-0.040,0.023,-0.643
-0.059,0.023,-0.563
-0.012,-0.014,0.426
-0.059,0.014,-0.268
0.082,0.023,0.471
-0.031,0.005,0.057
-0.031,-0.024,-0.417
-0.012,-0.033,0.073
0.054,0.005,-0.620
0.007,-0.005,-0.085
-0.059,0.005,-0.279
-0.021,-0.024,-0.230
0.007,0.005,-0.365
-0.040,-0.014,-0.227
0.044,0.005,-0.423
-0.040,0.023,-0.552
-0.021,0.014,-0.724
-0.003,0.033,0.313
-0.050,0.005,-0.244
0.016,0.014,0.221
0.082,-0.005,0.882
0.016,0.023,0.342
0.063,0.070,0.875
-0.068,-0.061,-0.698
-0.078,-0.052,-0.858
-0.040,-0.024,-0.246
-0.012,-0.052,-0.516
-0.031,-0.014,-0.305
-0.059,-0.042,-0.551
0.044,-0.014,0.556
0.016,0.051,0.190
-0.068,-0.052,-0.697
-0.031,-0.014,-0.086
0.054,0.051,0.465
0.007,-0.024,0.426
0.016,0.042,-0.018
-0.031,0.070,-0.274
-0.021,-0.005,0.052
-0.068,0.014,-0.542
-0.012,0.014,0.082
0.072,-0.005,0.724
0.091,0.042,0.433
-0.031,-0.024,0.009
-0.003,-0.042,0.073
-0.021,-0.061,-0.822
0.072,0.023,0.893
0.025,-0.024,0.396
-0.078,-0.033,-0.547
0.007,0.005,-0.624
-0.012,0.014,0.229
-0.021,-0.014,0.223
-0.031,-0.033,-0.073
-0.021,0.042,0.092
0.025,0.061,0.194
0.063,0.005,0.717
-0.050,0.014,-0.565
-0.021,-0.033,-0.394
0.082,0.051,0.382
0.035,0.014,0.075
0.147,0.070,0.879
-0.012,0.023,0.074
0.035,0.014,0.382
-0.003,-0.005,-0.521
-0.031,-0.052,-0.535
-0.031,0.070,-0.233
-0.050,-0.005,-0.247
-0.031,-0.024,-0.758
-0.078,-0.033,-0.666
0.072,0.042,0.875
-0.021,0.051,0.102
0.044,0.070,0.955
0.063,0.014,0.891
0.007,-0.014,0.237
0.119,0.070,0.931
-0.031,-0.005,0.066
0.054,0.051,0.649
-0.068,-0.033,-0.794
0.044,0.005,-0.604
0.016,0.023,0.565
-0.021,0.014,0.071
-0.012,0.023,-0.373
-0.031,-0.024,0.067
0.025,0.033,-0.066
-0.021,0.005,-0.179
-0.012,0.023,-0.240
0.072,0.042,0.312
0.025,-0.014,0.396
0.035,0.061,0.680
0.091,0.033,0.707
-0.040,0.023,-0.055
-0.031,-0.061,-0.541
-0.003,0.051,0.321
-0.012,0.005,0.380
0.016,-0.014,0.391
-0.059,0.061,-0.491
-0.012,-0.014,-0.241
0.016,0.014,0.546
-0.031,-0.014,-0.395
0.063,0.070,0.931
-0.050,-0.024,-0.599
-0.068,0.023,-0.536
0.035,0.051,0.487
-0.059,0.042,0.115
0.016,0.051,0.734
-0.068,-0.014,-0.883
-0.031,-0.099,-0.858
-0.031,-0.014,-0.090
0.007,-0.005,0.100
-0.078,-0.052,-0.875
-0.012,0.005,0.067
0.072,0.079,0.893
-0.031,0.005,-0.063
0.016,-0.005,0.388
0.007,-0.014,-0.086
0.063,0.023,0.313
0.072,-0.005,0.887
-0.003,0.005,-0.779
0.044,0.014,0.570
-0.003,-0.070,-0.810
0.035,0.005,0.554
-0.012,-0.014,0.077
0.044,-0.005,-0.619
0.072,0.014,0.709
-0.031,-0.052,-0.527
0.044,0.005,-0.445
0.025,0.005,-0.456
-0.087,-0.061,-0.700
0.007,-0.024,0.388
-0.068,-0.033,-0.510
-0.040,-0.005,-0.090
-0.031,-0.014,0.226
-0.031,-0.005,-0.075
-0.059,0.014,-0.258
-0.031,-0.014,-0.196
0.007,0.005,-0.246
-0.021,-0.033,-0.364
-0.078,0.023,-0.372
-0.059,-0.014,-0.840
0.044,0.033,0.551
0.044,0.014,-0.617
-0.068,-0.061,-0.701
-0.059,0.033,-0.171
-0.021,-0.033,0.072
-0.031,0.005,-0.089
0.082,0.070,0.953
0.054,0.014,0.547
-0.050,-0.033,-0.871
-0.031,-0.052,-0.783
0.054,0.042,0.639
-0.059,-0.014,-0.355
0.016,-0.014,-0.044
0.044,0.023,0.550
0.016,0.023,-0.248
-0.021,0.023,-0.290
-0.040,-0.070,-0.870
0.072,0.014,0.579
0.016,-0.005,0.105
0.082,-0.014,0.716
-0.031,-0.005,0.233
0.025,0.014,-0.354
-0.031,-0.024,-0.245
-0.021,-0.014,-0.062
-0.068,-0.024,-0.722
-0.059,0.014,-0.638
0.007,-0.005,0.398
-0.040,-0.014,-0.087
-0.031,0.023,-0.163
0.016,-0.005,0.705
0.044,0.023,0.705
-0.068,-0.014,-0.258
-0.021,-0.070,-0.850
-0.012,0.005,0.093
0.007,0.051,0.394
-0.031,-0.033,-0.078
0.044,-0.005,0.546
0.007,0.005,0.397
-0.031,-0.024,-0.241
0.072,0.005,0.584
0.035,0.005,0.702
-0.021,-0.024,0.074
-0.040,-0.052,-0.385
0.063,0.070,0.674
-0.021,-0.005,0.388
0.063,0.005,0.589
-0.003,-0.042,-0.080
-0.021,0.023,-0.423
-0.040,-0.024,-0.077
-0.021,-0.005,-0.082
-0.059,0.033,-0.368
-0.050,0.051,-0.178
0.054,0.005,-0.458
0.138,0.051,0.757
0.016,0.033,0.297
0.035,-0.005,0.550
0.025,0.005,-0.615
-0.031,-0.005,-0.208
-0.031,-0.042,-0.544
-0.012,-0.014,0.426
-0.031,-0.014,-0.080
0.054,0.042,0.709
-0.078,-0.052,-0.542
0.044,0.014,0.383
-0.021,0.005,0.224
-0.078,-0.061,-0.865
-0.059,-0.005,-0.227
-0.003,-0.024,0.076
0.129,0.042,0.988
-0.078,0.014,-0.335
0.054,0.023,-0.019
-0.031,0.005,0.091
-0.003,-0.024,-0.211
0.035,-0.014,0.390
0.054,0.014,0.570
0.054,-0.014,0.721
0.016,0.023,0.226
0.072,0.005,-0.439
0.091,0.033,0.590
-0.021,-0.080,-0.841
0.016,0.005,-0.568
-0.021,0.061,-0.119
0.044,-0.014,0.715
-0.040,0.005,0.057
0.035,0.005,0.116
0.072,0.061,0.824
0.082,-0.005,0.879
0.035,0.005,0.563
-0.059,0.033,-0.406
-0.003,-0.014,0.086
-0.003,0.005,0.392
-0.021,-0.033,-0.070
-0.040,-0.052,-0.389
-0.031,0.061,-0.284
0.044,0.061,0.754
-0.021,-0.005,-0.075
0.082,-0.005,0.888
0.016,0.023,0.217
-0.031,-0.024,-0.569
-0.031,0.014,-0.053
-0.021,-0.005,-0.582
0.110,0.051,0.593
0.129,0.061,0.764
0.072,0.023,0.740
0.044,0.042,0.552
-0.021,-0.052,-0.670
-0.031,-0.033,-0.672
-0.040,0.033,0.087
-0.050,-0.005,-0.405
0.016,-0.005,0.105
0.016,0.051,0.639
0.082,-0.014,0.890
0.063,0.005,-0.601
-0.050,-0.014,-0.072
-0.012,-0.052,-0.543
-0.012,-0.052,-0.534
-0.050,-0.024,-0.386
-0.078,-0.052,-0.677
-0.040,-0.033,-0.542
-0.040,-0.024,-0.240
-0.003,-0.033,0.077
0.082,0.005,0.775
0.025,0.005,0.260
0.072,0.023,0.575
0.054,0.005,-0.449
-0.003,-0.061,-0.878
0.063,0.061,0.913
-0.059,-0.005,-0.394
0.119,0.051,0.649
0.119,0.070,0.784
-0.031,-0.070,-0.842
-0.012,-0.005,0.222
-0.096,-0.089,-0.874
0.025,0.023,0.573
-0.012,0.005,0.241
0.035,0.014,0.709
0.016,0.023,0.541
-0.050,0.005,-0.260
0.025,-0.005,0.412
0.007,0.051,0.439
-0.068,-0.024,-0.394
-0.031,-0.005,-0.099
-0.059,0.023,-0.208
-0.068,0.023,-0.505
-0.059,0.033,-0.065
0.129,0.051,0.634
-0.040,-0.014,-0.080
-0.040,-0.024,-0.775
-0.050,0.023,-0.368
-0.031,0.014,-0.062
0.016,0.051,0.314
0.016,0.014,-0.105
-0.031,-0.024,-0.238
0.072,0.061,0.946
0.063,0.061,0.869
-0.078,-0.042,-0.694
-0.040,-0.070,-0.537
0.063,0.005,0.589
0.063,0.061,0.913
0.082,-0.005,0.891
0.035,-0.005,0.560
0.129,0.061,0.800
0.072,-0.005,0.716
0.016,-0.005,0.226
-0.003,0.023,-0.296
-0.021,-0.033,-0.364
0.063,-0.005,0.577
-0.021,-0.014,-0.098
0.025,-0.005,0.220
-0.021,0.014,0.238
0.007,-0.005,0.065
-0.021,-0.052,-0.370
0.016,0.005,-0.785
-0.068,0.005,-0.690
0.082,0.042,0.937
-0.040,-0.042,-0.377
-0.021,-0.014,-0.711
0.044,-0.014,0.561
-0.040,-0.005,-0.283
-0.040,0.005,-0.248
-0.050,-0.005,-0.573
0.072,0.042,0.419
0.007,0.005,0.542
-0.021,-0.024,-0.513
0.044,0.033,0.542
-0.021,-0.052,-0.697
0.063,0.005,0.740
0.138,0.079,0.987
0.035,-0.005,-0.575
-0.031,0.005,0.225
-0.021,-0.033,-0.209
-0.087,-0.080,-0.873
0.016,0.023,0.517
0.025,0.014,0.390
-0.021,-0.005,-0.089
-0.021,-0.005,0.385
-0.003,0.033,-0.137
-0.059,-0.061,-0.697
0.072,0.070,0.626
-0.021,-0.024,-0.392
0.044,0.014,0.873
-0.021,0.005,0.207
-0.050,-0.033,-0.543
0.016,-0.005,0.542
-0.059,-0.042,-0.823
0.007,0.042,0.385
0.044,0.023,0.339
0.119,0.042,0.654
-0.021,-0.024,-0.067
0.044,0.005,-0.423
-0.021,-0.052,-0.750
0.082,-0.005,0.877
-0.021,0.061,0.053
-0.021,0.005,-0.162
-0.012,0.042,0.193
-0.021,-0.033,-0.080
0.091,0.033,0.815
0.063,-0.005,0.710
-0.068,-0.052,-0.873
-0.031,-0.005,0.061
0.016,0.014,-0.598
0.016,0.061,0.500
-0.040,-0.033,-0.540
-0.040,-0.014,-0.384
0.016,0.014,0.420
0.016,-0.005,0.391
0.035,0.014,0.184
0.035,-0.005,-0.575
-0.012,0.005,0.386
-0.021,-0.033,-0.543
0.072,0.014,0.885
0.016,0.014,0.074
-0.012,-0.014,-0.211
0.016,0.005,-0.173
-0.078,-0.014,-0.592
-0.021,-0.052,-0.217
0.082,0.014,0.733
0.025,0.005,0.581
0.063,-0.005,-0.622
-0.078,0.014,-0.413
-0.050,-0.014,-0.563
-0.021,0.023,-0.087
-0.087,-0.052,-0.698
-0.087,0.023,-0.868
0.025,0.051,0.438
0.054,0.033,0.730
0.016,0.089,0.359
-0.021,-0.005,-0.093
0.063,-0.014,0.720
-0.059,-0.052,-0.702
-0.012,-0.042,-0.239
-0.031,-0.014,0.225
-0.031,-0.070,-0.526
-0.003,-0.014,0.089
0.035,0.051,0.947
-0.087,-0.052,-0.877
0.035,0.005,-0.620
-0.031,-0.070,-0.538
-0.040,-0.005,-0.396
0.007,0.051,0.571
-0.040,-0.014,-0.473
-0.021,-0.005,0.228
-0.021,-0.014,0.061
-0.003,0.079,0.040
-0.059,-0.024,-0.369
-0.068,-0.014,-0.431
-0.031,0.005,0.217
0.110,0.042,0.982
0.054,0.033,0.645
0.007,-0.024,0.236
-0.059,0.005,-0.398
0.016,0.079,0.440
-0.050,-0.014,-0.269
0.082,0.033,0.522
0.044,0.005,-0.464
-0.096,-0.014,-0.689
0.035,0.005,0.554
0.044,0.033,0.455
-0.012,0.005,0.393
-0.003,0.023,0.115
-0.021,-0.033,-0.239
-0.021,-0.005,0.075
-0.012,-0.024,-0.228
0.035,0.014,0.266
0.035,0.051,0.795
0.054,0.051,0.782
-0.021,-0.052,-0.222
-0.031,-0.042,-0.072
-0.068,0.033,-0.407
0.044,0.033,0.605
-0.087,-0.061,-0.707
0.035,0.061,0.533
-0.040,-0.014,0.233
-0.059,-0.061,-0.701
0.016,0.014,-0.611
-0.021,-0.080,-0.857
0.035,0.033,0.451
0.025,0.005,-0.487
-0.050,-0.005,-0.080
-0.040,-0.014,-0.219
-0.096,-0.061,-0.871
-0.068,0.033,-0.720
-0.059,-0.033,-0.775
-0.031,0.014,-0.399
0.100,0.033,0.626
-0.012,-0.024,-0.213
0.054,0.005,-0.622
-0.040,-0.014,-0.369
0.025,0.005,-0.735
0.035,0.014,-0.617
0.072,0.005,-0.307
-0.040,0.033,-0.236
-0.031,-0.033,-0.230
-0.003,0.014,0.405
-0.012,-0.033,0.086
-0.031,-0.005,-0.238
0.025,0.051,0.225
-0.096,-0.080,-0.874
-0.050,0.014,-0.240
-0.021,0.005,0.062
-0.021,-0.005,-0.052
-0.021,-0.024,-0.091
-0.040,0.014,0.165
0.054,0.061,0.771
-0.021,-0.014,-0.210
-0.031,-0.033,-0.541
0.044,0.061,0.754
0.007,-0.005,0.059
0.044,0.023,0.718
-0.040,-0.042,-0.545
-0.040,-0.033,-0.240
0.091,-0.014,0.878
0.091,0.051,0.434
0.007,0.033,0.246
-0.031,-0.014,-0.370
-0.087,-0.042,-0.711
-0.068,-0.033,-0.670
-0.012,-0.042,-0.073
0.035,0.005,0.723
0.035,0.005,0.723
-0.068,-0.014,-0.395
0.016,0.005,0.553
0.044,0.042,0.432
-0.012,-0.061,-0.822
-0.012,0.005,0.222
-0.021,0.005,0.053
-0.021,-0.042,-0.070
0.044,-0.005,-0.779
-0.031,-0.005,0.225
-0.040,-0.005,-0.229
0.025,0.014,0.530
-0.087,-0.033,-0.838
-0.012,-0.033,0.079
-0.068,-0.033,-0.722
0.025,0.005,-0.456
-0.003,-0.005,0.848
-0.040,-0.014,0.072
-0.031,-0.005,0.116
0.025,0.005,0.260
-0.003,-0.052,-0.783
-0.021,0.051,0.019
-0.012,-0.061,-0.519
-0.021,0.005,-0.162
0.082,-0.005,0.738
0.063,0.033,0.155
-0.050,-0.080,-0.847
-0.021,-0.005,0.231
-0.078,-0.080,-0.873
-0.050,-0.024,-0.234
-0.059,-0.042,-0.882
-0.031,-0.005,0.068
0.063,0.005,-0.459
-0.040,-0.014,-0.243
0.082,0.014,0.885
0.044,0.023,-0.073
0.063,0.023,0.883
-0.050,-0.014,0.072
0.016,0.005,0.553
0.044,0.005,-0.610
-0.031,-0.005,0.227
0.044,0.014,-0.607
-0.021,-0.033,-0.073
0.025,0.014,0.410
0.044,0.051,0.770
0.025,0.005,0.388
0.147,0.042,0.784
0.016,0.005,0.559
-0.040,0.005,-0.575
0.054,0.005,-0.425
0.044,0.014,-0.454
-0.031,-0.061,-0.700
-0.040,-0.005,0.065
-0.021,-0.033,-0.073
0.063,0.051,0.361
0.035,0.005,0.404
-0.059,-0.033,-0.398
0.044,0.014,-0.444
0.072,-0.005,0.878
0.082,0.005,0.707
0.007,-0.024,0.236
0.035,-0.005,0.387
0.072,0.061,0.982
0.016,0.098,0.259
0.063,0.005,0.725
-0.021,-0.014,-0.087
-0.031,0.023,-0.467
-0.040,0.014,-0.698
0.082,0.005,0.876
0.054,-0.005,0.573
0.063,0.005,0.891
-0.078,-0.005,-0.453
0.007,-0.005,0.233
0.007,0.005,0.184
0.007,-0.005,0.029
-0.021,-0.033,-0.369
-0.003,0.005,0.076
0.072,0.014,-0.134
-0.021,-0.014,-0.065
-0.078,0.005,-0.648
0.110,0.033,0.835
-0.031,0.005,-0.798
-0.031,-0.061,-0.385
-0.068,-0.024,-0.549
0.007,-0.005,0.092
0.091,0.051,0.508
0.091,-0.024,0.881
-0.031,-0.014,-0.063
-0.040,-0.052,-0.380
0.016,0.061,0.440
0.016,0.051,0.375
-0.021,-0.033,-0.400
-0.031,-0.014,-0.791
-0.059,0.042,0.115
-0.050,-0.014,-0.439
-0.068,-0.033,-0.536
-0.021,0.023,0.098
0.007,0.023,0.119
-0.012,-0.052,-0.879
0.035,-0.005,0.541
-0.003,0.079,0.179
-0.040,-0.052,-0.546
-0.040,-0.005,0.059
-0.031,-0.005,-0.527
-0.078,-0.052,-0.697
0.082,0.014,0.898
-0.021,-0.014,0.219
0.054,0.079,0.740
0.054,0.014,-0.421
-0.003,0.042,0.321
-0.087,0.005,-0.771
-0.068,-0.061,-0.855
0.016,-0.005,0.246
0.054,0.070,0.490
-0.040,-0.014,-0.227
-0.021,0.005,-0.179
-0.078,0.005,-0.493
-0.040,-0.014,-0.550
-0.050,-0.005,-0.394
0.063,0.042,0.767
0.091,-0.005,0.887
0.072,0.005,0.882
0.035,0.070,0.622
-0.078,-0.005,-0.875
0.054,0.005,0.725
-0.021,-0.005,-0.130
0.091,-0.014,0.892
-0.021,0.042,0.258
0.072,0.042,0.312
-0.040,-0.052,-0.371
-0.012,-0.033,-0.235
0.082,0.005,0.876
-0.087,-0.070,-0.697
-0.050,-0.024,-0.393
0.025,0.014,0.551
-0.087,-0.052,-0.705
-0.012,-0.024,0.230
-0.040,0.079,-0.249
-0.003,0.005,0.544
-0.031,0.023,-0.554
0.110,0.042,0.578
-0.031,-0.070,-0.535
0.007,-0.014,0.231
-0.012,-0.033,0.082
-0.021,-0.005,0.380
-0.096,-0.024,-0.801
-0.021,-0.080,-0.857
0.025,0.014,0.563
0.035,-0.014,0.556
0.054,0.014,0.709
0.025,-0.005,-0.602
0.044,-0.005,0.253
-0.031,-0.033,-0.230
-0.040,-0.024,-0.234
-0.021,0.005,-0.240
-0.068,-0.014,-0.234
0.100,0.042,0.554
-0.021,0.005,0.390
-0.040,-0.061,-0.833
-0.050,-0.014,-0.370
-0.012,-0.005,0.377
0.007,-0.014,0.388
-0.012,-0.052,-0.387
-0.050,-0.024,-0.732
-0.012,0.061,0.122
0.025,0.005,-0.456
-0.021,-0.024,-0.536
0.035,-0.005,-0.765
0.044,0.005,0.421
0.025,0.023,0.436
0.054,0.005,0.580
-0.012,-0.033,-0.235
-0.050,-0.042,-0.688
-0.068,-0.042,-0.714
-0.068,0.023,-0.312
-0.050,-0.014,0.078
-0.078,-0.024,-0.800
-0.021,-0.024,-0.213
-0.003,0.023,0.399
-0.012,0.023,0.248
0.044,0.061,0.352
-0.012,0.014,-0.165
0.082,0.014,-0.163
-0.021,-0.005,0.078
-0.012,-0.005,0.119
-0.068,-0.024,-0.587
0.035,0.014,0.184
-0.040,0.070,-0.341
-0.021,-0.033,0.074
-0.021,-0.005,-0.036
-0.068,-0.061,-0.855
0.035,0.005,-0.748
-0.021,0.023,-0.038
-0.021,-0.033,0.080
-0.021,-0.061,-0.669
0.091,0.051,0.951
0.044,0.005,0.550
-0.021,0.042,0.258
0.035,0.079,0.402
0.016,0.005,0.030
-0.040,0.005,-0.066
0.035,0.005,0.382
0.063,0.023,0.379
0.007,0.014,-0.411
-0.012,0.014,0.082
-0.078,0.014,-0.597
0.025,0.014,0.390
-0.012,0.070,0.511
-0.068,-0.024,-0.244
-0.012,-0.033,-0.527
-0.003,0.033,0.122
-0.021,0.023,0.185
-0.040,-0.024,-0.358
0.063,0.014,0.547
0.072,0.014,-0.007
-0.040,-0.005,-0.088
-0.050,0.033,-0.585
-0.003,-0.024,-0.075
-0.031,-0.014,-0.248
-0.068,0.023,-0.462
-0.068,-0.024,-0.536
-0.012,-0.042,-0.503
0.091,0.005,0.876
-0.003,0.051,0.214
0.016,-0.014,0.389
0.063,0.005,-0.459
-0.031,0.042,-0.016
0.016,-0.005,0.377
-0.078,-0.024,-0.711
-0.003,-0.033,0.081
-0.012,-0.052,-0.761
0.035,0.014,0.552
0.072,-0.014,0.726
-0.012,0.014,0.082
0.016,-0.014,0.399
-0.068,-0.042,-0.539
0.025,0.014,-0.612
-0.012,-0.033,-0.235
-0.021,0.023,-0.361
-0.040,0.005,0.057
0.044,0.079,0.737
-0.031,-0.033,-0.367
-0.003,-0.014,-0.278
0.044,0.033,0.170
-0.050,-0.024,-0.657
0.035,0.051,0.487
0.016,0.023,0.286
-0.096,-0.070,-0.868
-0.031,-0.042,-0.225
0.025,-0.005,0.224
-0.031,-0.089,-0.866
-0.050,0.033,-0.389
-0.031,-0.070,-0.842
0.044,-0.005,0.553
-0.003,0.005,0.242
0.082,0.033,0.803
0.054,0.079,0.740
-0.003,-0.005,-0.394
-0.031,-0.005,-0.242
0.072,0.051,0.975
0.007,0.014,0.133
0.035,0.014,0.412
0.007,0.005,0.073
-0.012,0.014,-0.023
-0.031,-0.024,0.067
-0.031,-0.061,-0.679
-0.040,-0.024,-0.553
-0.031,-0.014,-0.240
-0.059,-0.014,-0.234
-0.040,-0.005,0.226
-0.021,-0.042,-0.215
0.035,-0.005,0.813
0.035,-0.014,0.556
0.025,0.061,0.786
-0.059,-0.042,-0.722
0.054,0.061,0.591
-0.003,-0.024,0.086
-0.003,0.023,0.382
-0.078,0.014,-0.654
-0.021,-0.005,0.385
-0.012,-0.052,-0.230
-0.021,-0.070,-0.633
-0.012,0.014,-0.659
-0.050,-0.014,-0.485
0.007,0.005,0.423
-0.068,-0.080,-0.860
-0.031,0.014,0.079
-0.012,0.014,0.221
-0.021,-0.061,-0.835
0.072,0.014,0.027
-0.021,-0.024,-0.397
0.025,0.005,0.406
0.025,0.005,-0.456
-0.012,-0.005,-0.238
-0.021,0.005,0.005
0.054,0.023,0.722
-0.031,0.070,-0.129
-0.040,-0.014,-0.251
-0.021,-0.033,-0.881
-0.040,0.005,-0.138
-0.050,-0.014,-0.081
0.035,0.033,0.506
-0.031,-0.052,-0.146
0.100,0.033,0.876
0.147,0.061,0.797
-0.050,0.070,-0.371
0.016,-0.005,-0.268
-0.059,-0.042,-0.538
-0.003,-0.061,-0.681
-0.012,0.061,0.476
0.072,0.033,0.884
-0.031,-0.052,-0.385
-0.050,-0.042,-0.381
-0.031,0.005,-0.599
-0.040,-0.024,-0.243
-0.040,0.005,0.083
-0.021,0.023,0.098
-0.031,-0.061,-0.526
-0.021,-0.005,0.393
-0.031,0.079,-0.198
-0.040,-0.033,-0.374
-0.096,-0.024,-0.672
0.016,-0.005,0.384
-0.021,-0.042,-0.079
-0.012,-0.005,0.543
-0.021,0.023,-0.190
-0.021,-0.005,0.068
-0.012,0.005,0.069
-0.021,-0.005,-0.243
-0.050,-0.042,-0.526
-0.040,-0.014,0.070
0.025,0.005,0.252
-0.003,0.089,0.086
-0.012,0.005,0.226
-0.050,-0.042,-0.545
0.082,0.061,0.950
0.025,0.005,0.376
0.072,0.033,0.894
0.110,0.061,0.597
-0.021,-0.014,-0.075
0.025,0.005,0.117
0.035,-0.005,0.870
-0.050,-0.005,-0.477
0.054,0.061,0.710
-0.003,0.042,0.038
-0.003,0.005,0.229
0.007,-0.014,0.066
0.035,0.033,0.540
-0.003,-0.014,-0.648
-0.012,-0.033,-0.084
-0.031,-0.005,0.216
-0.050,-0.005,-0.238
0.091,0.070,0.647
0.044,-0.005,-0.192
0.044,0.070,0.790
0.044,0.005,0.388
-0.040,0.033,-0.164
-0.050,-0.033,-0.239
-0.040,0.023,-0.031
0.063,0.061,0.913
-0.078,-0.042,-0.855
-0.050,-0.014,-0.083
-0.003,-0.042,-0.230
-0.031,0.061,-0.048
-0.040,-0.042,-0.225
0.016,-0.024,0.395
-0.040,0.051,0.143
0.025,-0.005,0.546
-0.050,0.061,-0.251
-0.059,-0.005,-0.450
-0.031,-0.014,0.231
-0.068,-0.070,-0.672
-0.021,-0.024,-0.063
-0.021,-0.024,-0.217
-0.059,-0.005,-0.572
0.082,0.042,0.870
-0.021,-0.033,-0.232
-0.031,-0.005,-0.066
0.007,0.005,-0.733
0.025,0.051,0.186
-0.012,-0.042,-0.526
0.025,0.005,0.550
0.007,0.023,0.407
0.072,0.051,0.648
-0.087,-0.061,-0.871
0.035,0.023,0.254
-0.003,-0.014,-0.648
-0.021,0.005,0.087
-0.003,-0.014,0.228
-0.059,-0.005,-0.246
-0.012,0.051,-0.148
-0.040,-0.005,0.070
-0.012,-0.024,0.081
0.025,-0.005,-0.196
-0.040,-0.014,0.066
-0.096,-0.052,-0.881
0.025,0.005,0.713
-0.031,0.005,-0.267
0.035,0.005,-0.620
0.025,0.005,-0.605
-0.031,-0.052,-0.234
-0.050,-0.042,-0.697
0.044,0.005,0.569
-0.021,-0.052,-0.522
-0.040,-0.024,-0.240
0.063,0.014,0.717
0.063,0.014,0.574
0.044,0.033,-0.015
-0.031,0.014,-0.164
-0.050,0.033,-0.025
-0.021,0.005,0.237
0.016,0.005,0.231
0.007,0.005,0.096
0.016,0.014,0.562
-0.012,-0.005,0.265
-0.078,-0.033,-0.390
-0.021,-0.024,-0.087
-0.068,-0.042,-0.691
-0.031,-0.070,-0.538
-0.031,-0.005,0.075
-0.040,-0.033,-0.086
0.054,0.005,0.882
-0.021,-0.042,-0.220
-0.040,0.005,-0.248
-0.031,0.014,-0.463
-0.012,-0.014,-0.366
0.082,0.023,0.582
-0.031,-0.070,-0.700
0.007,0.070,0.424
-0.021,-0.061,-0.375
0.007,-0.005,0.242
-0.059,-0.042,-0.704
-0.003,-0.005,0.421
-0.068,-0.024,-0.719
-0.031,-0.024,-0.372
-0.059,-0.033,-0.817
-0.059,0.033,-0.793
0.007,-0.005,0.389
-0.031,0.005,-0.223
-0.021,-0.052,-0.388
0.035,-0.005,-0.739
0.072,0.023,0.384
-0.003,0.014,0.399
-0.021,0.014,-0.097
0.016,0.042,0.271
0.035,0.070,0.877
-0.106,-0.024,-0.712
-0.031,-0.024,-0.089
0.072,0.042,0.419
-0.040,-0.042,-0.799
-0.031,0.014,-0.062
-0.012,-0.005,0.383
0.082,0.033,0.730
0.007,-0.005,-0.327
0.035,-0.005,-0.347
0.035,-0.014,0.551
0.072,-0.005,0.708
0.072,0.014,0.717
-0.096,-0.052,-0.881
-0.021,-0.005,-0.208
0.007,0.023,0.390
-0.078,-0.070,-0.865
-0.087,-0.070,-0.865
0.025,0.033,0.552
-0.040,-0.014,0.072
0.016,-0.005,0.253
0.025,0.005,-0.576
0.054,0.014,0.692
-0.059,-0.061,-0.701
0.063,0.005,0.580
0.082,0.014,0.408
-0.050,-0.024,-0.240
-0.040,-0.052,-0.580
0.007,0.042,0.218
-0.040,-0.024,-0.388
0.007,-0.014,-0.086
-0.040,-0.005,0.070
-0.050,-0.014,-0.089
-0.021,-0.024,0.088
-0.012,-0.005,0.426
0.044,-0.005,0.560
0.007,-0.005,0.245
-0.031,-0.052,-0.226
0.025,0.014,0.718
0.025,-0.005,0.572
0.035,-0.005,-0.783
0.091,0.061,0.944
0.072,0.023,0.735
0.044,0.005,0.107
-0.040,-0.014,-0.473
0.082,0.051,0.884
0.044,0.023,0.446
-0.050,-0.005,-0.224
-0.021,-0.033,-0.839
-0.012,0.023,0.241
-0.012,0.005,0.405
0.054,0.079,0.829
-0.012,-0.052,-0.671
0.016,0.014,0.106
-0.040,-0.052,-0.219
-0.040,-0.014,0.072
-0.031,-0.042,-0.376
-0.059,0.033,-0.685
-0.012,0.014,-0.085
-0.012,-0.014,-0.415
0.007,-0.005,-0.049
0.063,0.033,0.109
0.082,-0.005,0.714
-0.031,-0.005,-0.072
-0.050,0.051,-0.178
-0.012,-0.014,0.244
-0.059,-0.033,-0.087
-0.012,0.051,0.365
-0.078,-0.061,-0.869
-0.096,-0.070,-0.875
0.035,-0.005,-0.462
0.007,0.005,0.386
0.082,0.005,0.883
-0.040,-0.080,-0.866
-0.021,0.023,0.130
-0.050,-0.005,-0.088
-0.021,-0.014,-0.065
-0.021,0.042,0.328
-0.050,0.014,-0.641
-0.050,0.042,-0.220
-0.031,0.005,-0.702
0.025,0.023,0.548
-0.050,-0.042,-0.770
-0.012,-0.014,-0.314
0.091,0.005,0.882
0.100,0.033,0.672
0.016,0.023,0.291
0.016,0.005,0.539
0.035,0.061,0.582
-0.059,-0.033,-0.241
-0.050,-0.033,-0.871
-0.050,-0.033,-0.538
0.007,-0.005,0.104
0.100,0.014,0.882
-0.021,0.061,0.111
0.007,0.023,0.143
0.016,-0.014,0.387
0.007,0.005,-0.054
0.025,0.023,0.542
-0.003,-0.005,0.091
-0.003,0.042,0.038
-0.068,-0.024,-0.255
0.054,0.023,0.280
0.035,0.005,0.707
0.044,-0.005,0.389
-0.050,-0.024,-0.244
-0.078,0.005,-0.768
-0.021,0.014,0.079
-0.031,-0.080,-0.868
-0.031,-0.005,0.222
-0.003,0.033,-0.389
-0.003,-0.005,0.383
0.044,-0.005,-0.602
0.025,0.042,0.603
-0.003,0.051,0.321
0.082,0.051,0.771
-0.021,-0.070,-0.688
0.072,0.023,0.713
0.054,0.042,0.608
-0.068,-0.024,-0.549
0.082,-0.014,0.890
-0.050,-0.042,-0.395
-0.012,-0.033,-0.392
-0.003,-0.005,-0.785
0.147,0.042,0.784
-0.031,0.014,-0.125
-0.021,-0.052,-0.750
0.025,0.005,0.265
-0.031,-0.014,-0.251
0.072,0.079,0.893
0.063,0.014,0.398
-0.059,-0.024,-0.728
0.025,-0.005,0.705
-0.021,0.042,0.057
-0.059,-0.014,-0.383
-0.021,-0.024,-0.067
0.007,0.033,0.342
-0.031,0.033,-0.126
0.035,0.061,0.451
-0.012,0.051,0.096
-0.012,-0.033,-0.068
0.063,0.005,0.725
0.007,0.005,0.545
0.044,0.014,0.399
-0.059,-0.014,-0.443
-0.050,0.005,-0.678
0.035,-0.005,0.101
-0.068,0.023,-0.261
-0.021,0.005,0.124
0.025,0.005,-0.091
-0.012,-0.042,-0.837
-0.012,0.023,0.128
-0.068,-0.024,-0.241
-0.040,0.014,-0.698
-0.050,-0.033,-0.235
-0.003,0.005,0.065
0.072,0.051,0.880
0.044,0.079,0.514
0.025,0.005,-0.422
-0.031,-0.052,-0.233
-0.021,-0.005,-0.292
-0.059,-0.042,-0.722
-0.003,0.014,0.094
0.035,0.023,0.148
-0.021,0.005,0.067
0.129,0.070,0.764
-0.021,-0.024,-0.240
-0.050,-0.024,-0.627
0.035,0.023,0.850
-0.059,-0.014,-0.240
0.016,0.005,0.074
0.035,0.014,0.546
-0.040,-0.014,-0.243
-0.078,-0.033,-0.547
-0.021,0.023,0.069
0.044,-0.005,0.553
0.054,0.061,0.814
-0.059,0.023,-0.398
0.007,-0.005,0.249
0.035,-0.005,-0.414
-0.021,-0.005,0.242
0.025,-0.014,0.392
-0.012,0.005,0.226
-0.087,-0.061,-0.861
-0.003,-0.005,-0.157
0.063,0.005,0.717
-0.040,-0.080,-0.849
0.035,-0.005,0.400
-0.031,-0.024,-0.393
-0.078,-0.070,-0.873
0.035,0.005,0.716
0.035,0.005,0.711
-0.031,-0.005,0.055
-0.003,-0.024,0.073
0.035,0.005,-0.571
-0.050,0.042,-0.029
0.025,0.014,0.545
-0.040,-0.052,-0.219
0.016,0.061,0.170
-0.068,0.033,-0.825
0.016,0.005,0.378
0.035,0.005,0.551
0.035,-0.005,0.391
-0.031,-0.005,0.233
-0.003,-0.042,-0.381
-0.078,-0.061,-0.547
-0.031,-0.005,0.227
-0.087,0.005,-0.101
-0.040,-0.042,-0.545
-0.031,-0.052,-0.228
-0.078,-0.005,-0.798
-0.012,-0.042,-0.080
0.007,0.023,0.255
-0.068,-0.033,-0.368
0.007,0.005,0.423
-0.021,0.005,0.245
-0.021,0.089,-0.085
0.035,0.033,0.403
-0.003,0.005,0.382
-0.096,-0.070,-0.875
-0.021,-0.052,-0.378
0.007,0.051,0.439
0.025,0.014,-0.448
-0.078,-0.005,-0.501
-0.040,0.005,-0.285
-0.003,-0.005,0.545
0.054,0.061,0.653
-0.031,0.014,0.068
-0.021,-0.014,-0.090
-0.031,-0.014,-0.305
0.082,0.042,0.365
0.035,0.023,0.340
0.138,0.061,0.882
0.100,0.042,0.479
0.007,-0.024,0.088
-0.040,-0.005,-0.410
-0.021,-0.024,0.245
0.082,-0.014,0.886
-0.031,-0.014,-0.275
-0.012,0.005,-0.862
-0.021,-0.033,-0.229
-0.031,-0.061,-0.526
-0.068,-0.014,-0.395
0.072,0.089,0.826
-0.087,0.005,-0.672
0.025,0.005,0.049
0.035,0.051,0.656
0.025,0.005,0.260
0.016,0.005,-0.623
-0.050,-0.070,-0.693
-0.012,-0.024,-0.063
0.035,0.014,0.421
-0.040,-0.061,-0.531
0.166,0.051,0.956
-0.012,0.033,-0.037
-0.106,-0.024,-0.712
-0.040,-0.024,-0.620
0.016,0.042,0.682
0.072,-0.005,0.736
-0.031,-0.042,-0.668
0.044,-0.014,0.549
-0.021,-0.042,-0.385
-0.031,-0.061,-0.529
-0.021,0.042,0.328
-0.021,-0.042,-0.543
-0.003,0.014,0.136
0.063,0.014,-0.458
0.138,0.070,0.892
0.091,0.051,0.818
-0.031,-0.014,0.063
0.119,0.079,0.902
-0.040,-0.014,-0.085
-0.021,-0.052,-0.697
-0.096,-0.080,-0.874
0.072,0.051,0.824
-0.031,-0.042,-0.518
-0.003,0.005,0.099
-0.021,-0.005,-0.096
0.025,0.051,0.594
0.063,0.042,0.173
0.091,0.023,0.901
-0.059,0.005,-0.114
-0.050,-0.005,-0.394
0.044,0.023,0.402
0.035,0.033,-0.065
-0.087,-0.070,-0.706
0.091,0.005,0.890
0.082,0.023,0.471
0.063,0.023,0.559
0.054,-0.005,0.561
0.025,0.033,0.377
0.007,0.023,0.330
0.091,0.061,0.726
0.035,-0.005,0.262
0.016,0.005,-0.736
0.035,-0.005,-0.625
-0.031,0.014,-0.082
0.007,0.005,0.184
-0.003,-0.042,-0.883
0.025,0.023,-0.193
0.044,0.014,-0.615
-0.012,-0.014,-0.065
-0.068,-0.024,-0.412
-0.003,-0.061,-0.669
-0.021,0.089,-0.085
0.035,0.061,0.431
0.044,0.023,0.473
0.025,0.023,0.394
-0.050,0.023,-0.286
0.007,-0.005,0.230
0.072,0.033,0.214
0.054,0.005,0.725
-0.068,0.023,-0.261
0.063,0.023,0.654
0.007,0.089,0.171
-0.031,-0.024,0.081
-0.040,0.005,-0.075
-0.012,0.033,0.295
-0.012,0.023,-0.529
0.063,0.014,0.733
0.044,-0.005,0.560
0.007,0.033,0.246
-0.068,-0.005,-0.552
-0.078,-0.024,-0.395
-0.021,-0.042,-0.080
0.025,0.033,0.451
-0.031,0.042,0.057
-0.068,-0.052,-0.540
0.016,-0.005,0.100
0.007,0.061,0.414
0.025,-0.005,0.552
-0.012,-0.005,0.067
-0.059,0.005,-0.477
-0.068,-0.080,-0.860
0.044,-0.005,0.209
-0.031,-0.042,-0.376
0.025,0.033,0.503
0.054,0.033,0.558
-0.003,0.014,0.234
-0.012,-0.052,-0.829
-0.040,-0.014,-0.089
-0.031,-0.005,-0.078
-0.050,-0.024,-0.645
0.063,0.005,0.734
-0.021,-0.033,-0.243
-0.050,-0.005,-0.362
0.091,0.033,0.336
-0.003,-0.042,-0.676
0.054,0.051,0.705
0.007,0.005,0.081
-0.059,-0.099,-0.866
0.007,0.005,-0.293
0.007,-0.024,0.229
-0.040,-0.033,-0.733
-0.068,-0.042,-0.389
0.082,0.051,0.757
-0.078,0.014,-0.817
-0.012,0.051,0.571
-0.003,-0.005,0.079
-0.003,-0.005,0.421
-0.003,0.005,0.083
0.035,0.005,0.563
-0.021,-0.014,-0.214
0.054,0.014,0.873
0.025,0.023,0.525
0.100,-0.014,0.882
-0.012,-0.024,0.077
-0.021,0.005,0.226
-0.040,-0.024,-0.083
0.007,-0.005,0.236
-0.087,-0.033,-0.689
0.082,0.042,0.888
-0.021,-0.005,-0.077
0.063,0.005,-0.447
0.044,-0.014,0.561
-0.050,-0.014,-0.425
0.025,-0.005,-0.778
0.016,-0.024,0.077
0.035,0.061,0.249
0.035,0.014,0.041
0.007,-0.005,0.257
-0.021,-0.024,0.228
-0.031,-0.014,0.223
0.016,-0.005,0.546
-0.068,-0.024,-0.388
-0.012,-0.070,-0.850
0.007,-0.005,0.104
0.072,0.005,0.724
-0.021,-0.014,0.083
0.025,0.005,0.106
-0.087,-0.005,-0.630
0.044,0.033,0.605
-0.003,0.023,0.061
-0.059,0.023,-0.155
-0.021,-0.014,0.083
-0.087,-0.061,-0.548
-0.050,-0.024,-0.396
-0.021,-0.033,-0.243
-0.040,-0.024,-0.396
-0.021,-0.042,-0.391
0.063,0.014,0.251
0.100,0.033,0.452
0.054,0.005,-0.618
0.035,0.005,-0.423
-0.068,-0.014,-0.244
0.007,-0.014,-0.086
-0.031,-0.024,-0.417
-0.021,0.005,0.226
-0.012,-0.052,-0.761
-0.012,0.023,-0.432
0.054,0.023,0.558
0.044,0.051,0.698
0.044,0.023,0.100
0.072,0.033,0.884
-0.012,-0.024,0.083
-0.021,-0.042,-0.391
0.157,0.051,0.792
0.082,-0.014,0.880
-0.012,0.023,0.061
-0.003,-0.033,-0.077
0.016,0.005,0.218
-0.003,0.061,-0.034
-0.031,-0.033,-0.513
-0.031,-0.014,-0.398
-0.031,-0.061,-0.700
-0.040,0.033,0.012
-0.050,-0.033,-0.388
-0.012,0.014,-0.003
-0.040,0.033,-0.394
0.007,0.005,-0.785
-0.003,0.014,0.383
0.016,0.005,-0.594
0.063,-0.005,0.727
0.016,-0.005,-0.776
0.025,-0.014,0.396
-0.068,-0.052,-0.864
0.063,0.005,-0.463
0.025,0.005,0.215
-0.021,-0.005,0.271
0.035,0.005,-0.483
-0.059,0.033,-0.129
0.016,-0.005,0.402
-0.050,-0.052,-0.546
-0.021,-0.005,0.393
-0.096,-0.014,-0.770
-0.003,0.089,0.026
-0.068,-0.033,-0.807
0.082,0.051,0.933
0.016,0.023,0.546
-0.012,0.014,-0.165
0.044,0.005,0.411
-0.050,-0.014,-0.240
0.054,0.005,0.882
0.072,0.042,0.729
-0.021,-0.005,0.065
0.007,0.051,0.117
-0.031,-0.024,0.073
-0.021,0.014,0.095
-0.040,-0.005,0.065
0.035,0.005,0.711
-0.059,-0.089,-0.866
-0.059,-0.042,-0.694
0.082,0.014,0.869
-0.040,-0.033,-0.086
0.007,0.051,0.181
0.157,0.079,0.981
-0.012,0.014,0.248
0.129,0.070,0.843
-0.031,0.023,-0.621
0.054,0.042,0.158
-0.021,-0.042,-0.082
-0.003,0.005,0.551
-0.003,-0.005,0.386
-0.012,-0.005,-0.080
-0.059,-0.024,-0.244
0.063,0.005,-0.453
0.044,0.033,0.542
0.044,0.023,0.210
0.044,-0.005,0.389
-0.087,-0.005,-0.867
0.072,0.005,0.709
-0.021,-0.005,-0.061
0.035,0.023,-0.613
0.025,-0.005,0.405
0.100,0.042,0.932
0.044,0.005,-0.617
-0.021,-0.061,-0.863
0.072,0.005,0.584
0.063,0.005,0.725
-0.031,-0.052,-0.391
0.063,0.005,0.713
-0.050,-0.024,-0.396
0.054,-0.014,0.549
-0.003,-0.070,-0.686
-0.003,-0.005,0.241
0.025,-0.005,-0.864
0.063,0.014,-0.441
0.063,-0.005,0.716
-0.003,-0.061,-0.832
-0.003,-0.005,0.391
-0.012,-0.042,0.081
-0.012,0.061,-0.081
0.082,0.033,0.884
0.025,-0.099,0.574
0.016,-0.005,-0.757
-0.003,0.042,-0.151
-0.078,-0.061,-0.865
-0.021,-0.033,-0.216
-0.012,-0.042,-0.338
0.054,0.014,0.322
0.025,0.014,0.709
-0.059,-0.042,-0.394
-0.078,-0.052,-0.706
-0.040,-0.014,-0.384
-0.021,-0.052,-0.877
0.072,-0.014,0.717
-0.040,-0.024,-0.433
-0.050,-0.080,-0.856
0.035,0.023,0.566
-0.059,-0.033,-0.548
-0.003,-0.042,-0.203
-0.040,-0.024,0.072
0.082,-0.005,0.881
0.016,0.014,-0.382
-0.031,-0.033,-0.234
-0.050,0.033,-0.730
0.082,0.051,0.382
0.110,0.042,0.463
0.025,0.033,0.590
0.007,-0.014,0.231
0.035,0.005,0.573
0.054,-0.005,0.547
-0.059,-0.052,-0.544
-0.021,-0.052,-0.832
-0.003,-0.042,-0.510
0.063,0.005,0.891
0.054,0.023,0.215
0.025,0.005,-0.464
0.007,-0.014,0.240
0.016,-0.005,0.565
-0.050,-0.014,-0.533
0.063,0.023,0.891
0.063,0.014,0.733
0.025,0.014,-0.575
0.025,0.005,0.406
0.025,0.042,0.274
0.054,0.005,0.278
0.025,-0.005,0.390
-0.040,-0.052,-0.536
0.016,-0.014,-0.044
0.054,0.023,0.396
0.025,-0.005,-0.347
-0.003,-0.005,0.223
-0.012,0.005,0.375
0.016,-0.005,-0.776
-0.012,-0.052,-0.686
-0.031,-0.005,-0.089
0.082,0.042,0.988
0.072,0.089,0.915
0.025,0.014,0.709
0.072,0.051,0.746
-0.012,0.005,0.383
-0.068,-0.033,-0.401
-0.106,-0.070,-0.873
0.119,0.061,0.755
-0.012,-0.052,-0.761
-0.078,-0.052,-0.547
-0.059,-0.042,-0.823
0.007,-0.005,0.560
-0.040,-0.005,-0.092
0.025,0.005,0.717
0.063,0.014,0.711
0.035,-0.005,0.550
-0.068,-0.042,-0.397
0.044,-0.005,0.418
-0.012,0.005,-0.037
-0.031,-0.070,-0.531
0.035,0.023,-0.156
-0.059,-0.042,-0.394
0.025,0.005,0.704
-0.021,-0.005,0.082
0.138,0.042,0.774
-0.012,-0.042,0.081
0.035,0.051,0.547
-0.003,0.033,-0.089
-0.031,-0.042,-0.221
-0.021,-0.042,-0.391
-0.012,-0.024,0.074
0.007,0.005,-0.769
-0.012,-0.033,-0.829
0.082,0.033,0.803
-0.050,-0.014,-0.086
-0.021,-0.024,-0.310
-0.021,0.005,-0.035
0.007,0.023,0.341
-0.050,-0.005,-0.224
0.044,-0.005,-0.612
0.044,0.005,0.411
-0.050,-0.014,0.069
-0.040,0.033,-0.236
-0.106,-0.024,-0.738
-0.087,-0.042,-0.824
0.044,0.023,0.339
-0.040,0.042,-0.149
-0.078,-0.052,-0.542
0.063,0.005,-0.308
-0.021,0.051,-0.117
0.063,0.023,0.855
-0.087,-0.042,-0.690
0.110,0.042,0.578
-0.003,0.005,0.094
0.025,0.014,-0.614
0.007,0.023,0.400
0.072,0.033,0.289
0.035,0.005,-0.446
0.063,0.023,0.559
-0.040,-0.005,-0.098
-0.059,-0.052,-0.869
-0.031,-0.024,-0.367
0.054,-0.005,-0.693
0.025,-0.005,0.072
-0.021,0.014,-0.173
-0.068,-0.042,-0.702
0.119,0.042,0.818
-0.021,0.005,-0.318
-0.078,-0.033,-0.398
-0.012,-0.014,0.229
-0.031,-0.005,-0.078
0.082,0.005,0.727
-0.012,-0.042,-0.233
0.063,0.005,0.740
-0.012,-0.033,-0.242
-0.078,-0.042,-0.540
-0.003,0.079,-0.009
-0.087,-0.014,-0.882
-0.031,-0.061,-0.828
-0.012,0.005,0.060
-0.021,-0.024,-0.370
0.007,0.005,0.402
0.072,0.023,0.883
0.063,0.042,0.711
-0.040,-0.024,-0.396
-0.059,0.005,-0.250
-0.012,0.005,-0.094
-0.031,0.061,0.175
0.025,-0.014,0.396
-0.031,-0.024,-0.068
-0.021,0.023,-0.569
-0.031,-0.005,0.077
-0.031,0.023,-0.186
0.138,0.070,0.850
0.054,0.023,0.738
-0.031,-0.005,0.081
-0.050,-0.024,-0.444
-0.031,-0.042,-0.230
0.072,0.005,0.738
-0.003,-0.024,-0.069
0.063,-0.005,0.723
-0.040,0.033,0.046
-0.012,-0.052,-0.230
-0.040,0.014,-0.125
0.007,0.042,0.385
-0.012,-0.033,-0.229
-0.078,-0.080,-0.836
-0.021,-0.014,-0.214
-0.059,0.005,-0.093
0.110,0.023,0.976
0.072,0.033,0.570
-0.012,0.061,0.181
-0.021,-0.070,-0.521
-0.068,0.023,-0.867
-0.031,0.042,0.209
-0.012,-0.080,-0.817
0.025,0.023,0.233
0.007,0.005,-0.785
-0.040,-0.080,-0.845
-0.050,0.005,-0.177
0.054,-0.005,0.712
-0.012,-0.042,-0.215
0.016,-0.005,-0.642
-0.021,0.014,0.027
-0.021,-0.005,-0.239
-0.031,-0.005,-0.392
0.007,0.005,0.073
-0.012,-0.033,-0.359
0.082,0.014,0.408
0.072,-0.014,0.717
-0.031,-0.024,0.262
-0.031,-0.005,-0.220
-0.012,-0.024,-0.362
-0.059,-0.033,-0.554
-0.021,0.005,-0.318
-0.012,0.014,-0.376
0.054,0.005,0.728
0.054,0.005,-0.449
-0.040,-0.042,-0.230
0.054,0.070,0.709
-0.021,-0.014,-0.093
0.063,0.051,0.952
0.054,0.005,-0.614
0.016,-0.014,0.230
-0.040,0.014,0.165
-0.059,-0.014,-0.615
-0.021,-0.052,-0.073
0.025,0.033,-0.153
-0.031,-0.061,-0.882
0.044,0.033,0.370
-0.040,-0.070,-0.530
-0.050,-0.014,-0.244
-0.040,-0.005,-0.283
-0.096,-0.042,-0.825
-0.003,-0.042,-0.203
-0.040,0.005,-0.066
-0.031,-0.033,-0.241
-0.059,-0.005,-0.522
-0.012,0.005,0.215
0.035,0.070,0.877
-0.021,-0.014,0.065
-0.040,-0.033,-0.839
0.016,0.005,-0.736
-0.003,0.051,0.271
0.063,0.051,0.952
-0.059,-0.033,-0.703
0.016,0.042,0.496
-0.068,-0.024,-0.388
-0.012,-0.042,-0.819
-0.021,0.005,0.245
-0.031,-0.005,-0.085
0.035,0.014,0.336
-0.068,-0.005,-0.434
0.035,-0.005,0.226
0.016,0.042,0.086
0.007,0.005,-0.112
0.025,0.051,0.551
-0.012,-0.024,0.240
0.007,0.042,-0.122
-0.012,0.014,0.248
0.072,0.061,0.751
0.035,0.042,0.001
-0.012,-0.052,-0.233
-0.012,-0.005,0.119
-0.031,0.014,-0.581
0.035,0.005,-0.057
-0.050,-0.033,-0.388
0.035,0.033,0.482
-0.021,-0.061,-0.524
0.072,0.033,0.570
-0.096,-0.070,-0.872
0.007,0.014,0.406
-0.012,-0.005,0.225
0.166,0.061,0.950
-0.003,-0.005,-0.785
-0.003,-0.005,0.262
-0.031,0.014,-0.343
-0.059,-0.042,-0.872
0.007,0.005,0.248
-0.021,0.005,0.067
-0.031,-0.005,0.227
0.063,0.051,0.882
0.044,0.005,0.381
-0.031,-0.014,0.070
-0.021,-0.005,0.389
-0.012,0.014,0.382
0.063,0.023,0.717
0.063,0.014,0.878
-0.059,0.014,-0.638
-0.068,-0.024,-0.234
-0.031,-0.052,-0.514
0.035,0.005,-0.779
-0.021,-0.042,-0.519
-0.068,0.005,-0.275
0.054,0.005,0.562
0.035,-0.005,0.558
-0.021,0.005,-0.600
-0.078,0.005,-0.432
-0.040,-0.061,-0.526
-0.050,0.005,-0.089
0.044,0.014,0.078
-0.031,-0.070,-0.879
0.016,0.005,0.250
-0.003,0.005,0.246
-0.012,-0.042,-0.229
0.035,0.014,0.567
-0.059,-0.005,-0.655
0.016,0.014,0.138
-0.040,0.033,0.046
0.082,-0.005,0.891
-0.012,-0.005,0.093
0.082,0.042,0.888
0.025,0.079,0.319
0.044,0.005,-0.774
0.035,0.005,-0.189
-0.087,-0.080,-0.865
-0.031,-0.033,-0.828
0.044,0.005,-0.620
-0.031,-0.005,0.066
0.035,-0.005,-0.608
-0.012,-0.014,0.070
0.054,0.033,0.678
0.082,0.061,0.522
0.082,0.023,0.725
-0.003,-0.024,0.229
-0.040,0.014,-0.321
0.016,0.042,0.126
0.035,0.014,-0.454
-0.021,-0.061,-0.835
-0.031,0.023,-0.413
0.007,0.014,0.230
-0.031,0.061,0.040
-0.021,-0.005,-0.130
-0.021,-0.014,-0.393
-0.040,-0.070,-0.854
-0.040,-0.070,-0.846
-0.021,0.033,0.201
0.035,-0.005,0.552
-0.068,0.033,-0.230
-0.031,-0.014,-0.090
0.025,0.014,0.385
-0.012,-0.005,0.235
-0.031,0.042,-0.069
-0.078,-0.061,-0.873
0.082,0.023,0.883
0.035,0.023,0.554
-0.031,0.014,0.015
-0.021,-0.042,-0.070
0.025,0.070,0.590
-0.078,-0.033,-0.547
-0.031,-0.005,-0.091
0.035,0.023,0.403
0.035,0.005,-0.602
0.035,0.051,0.698
-0.012,-0.052,-0.364
-0.059,0.023,-0.759
-0.087,-0.014,-0.590
0.044,-0.005,0.710
-0.050,0.023,-0.111
-0.012,-0.033,-0.512
0.025,-0.024,0.389
-0.012,-0.033,-0.527
-0.003,0.070,0.286
-0.021,-0.005,0.071
0.054,0.061,0.371
0.016,-0.014,-0.611
0.007,0.005,-0.605
-0.003,-0.014,-0.648
-0.059,-0.005,-0.091
-0.021,-0.042,-0.074
-0.012,0.005,-0.173
-0.003,0.005,0.385
-0.003,0.042,0.605
-0.021,-0.024,-0.080
0.147,0.051,0.929
0.016,0.023,0.395
-0.031,0.005,-0.076
-0.050,0.005,-0.384
-0.068,-0.070,-0.864
-0.012,0.005,0.228
-0.021,-0.005,0.393
0.007,-0.005,-0.624
-0.031,-0.052,-0.542
0.138,0.079,0.902
-0.106,-0.070,-0.864
-0.050,0.033,-0.054
-0.031,-0.070,-0.694
-0.087,-0.042,-0.879
-0.012,-0.024,-0.690
-0.078,0.014,-0.817
0.044,0.033,0.495
0.044,-0.005,0.717
-0.031,-0.033,-0.086
0.100,0.061,0.564
-0.003,0.014,-0.132
0.100,0.033,0.892
-0.003,0.061,0.215
0.025,0.070,0.274
0.072,0.014,0.709
0.082,-0.005,0.874
0.007,0.014,0.545
-0.031,-0.042,-0.080
0.025,0.023,0.562
-0.012,-0.052,-0.230
0.035,0.005,0.116
-0.040,-0.061,-0.855
-0.040,0.014,-0.355
0.007,0.089,0.171
0.016,0.014,0.365
0.025,-0.014,0.550
-0.050,0.005,-0.414
-0.012,0.005,0.390
0.054,0.014,-0.421
0.035,0.070,0.721
-0.059,-0.052,-0.697
-0.003,-0.042,-0.058
-0.050,0.023,-0.129
0.044,-0.005,0.573
0.035,0.051,0.614
-0.012,-0.042,-0.229
0.007,-0.005,-0.643
-0.021,-0.061,-0.822
-0.021,-0.024,-0.536
-0.068,-0.024,-0.388
-0.031,0.005,0.069
0.054,0.033,0.750
-0.059,-0.005,-0.441
-0.068,-0.024,-0.397
-0.021,-0.033,-0.421
-0.050,0.014,-0.565
0.072,0.070,0.911
0.063,0.079,0.913
0.044,0.070,0.478
-0.050,0.014,-0.076
-0.040,0.014,-0.063
0.082,0.033,0.292
-0.078,-0.024,-0.395
-0.003,-0.005,0.166
0.110,0.042,0.463
0.035,0.005,0.409
-0.021,-0.070,-0.538
0.063,0.005,-0.619
-0.012,-0.005,-0.414
0.044,0.005,0.107
-0.012,-0.014,-0.058
-0.031,0.070,0.261
-0.059,-0.014,-0.549
0.007,0.014,0.097
0.044,0.051,0.893
0.044,0.070,0.665
0.025,-0.005,-0.623
-0.021,-0.014,-0.711
-0.068,-0.024,-0.234
0.025,-0.014,0.233
0.054,0.005,-0.462
0.054,0.023,0.713
-0.021,-0.052,-0.673
-0.050,0.042,-0.283
-0.003,-0.024,0.236
-0.096,-0.061,-0.866
-0.031,-0.024,0.009
-0.059,-0.024,-0.082
-0.096,-0.024,-0.801
-0.012,-0.042,-0.215
0.007,0.023,0.119
0.110,0.051,0.628
-0.012,-0.014,-0.610
-0.040,-0.042,-0.526
-0.031,0.005,-0.327
-0.003,-0.042,0.105
-0.012,0.014,0.243
-0.012,-0.005,0.227
-0.050,-0.024,-0.083
-0.021,0.033,-0.448
-0.087,-0.061,-0.700
-0.012,-0.033,-0.078
-0.031,-0.042,-0.387
-0.003,-0.005,0.218
0.063,0.005,0.872
0.025,0.014,0.385
-0.040,-0.042,-0.545
0.044,0.014,-0.617
0.025,0.014,-0.600
-0.040,-0.061,-0.380
0.035,-0.024,0.391
-0.068,0.014,-0.629
0.072,0.023,0.150
-0.078,-0.024,-0.550
-0.021,-0.014,-0.062
0.035,0.033,0.551
-0.040,-0.024,-0.088
-0.021,0.005,0.228
-0.087,-0.014,-0.590
-0.059,0.033,-0.368
0.025,0.033,0.390
-0.068,0.023,-0.536
-0.087,-0.014,-0.882
-0.050,-0.042,-0.381
0.100,0.005,0.892
-0.012,0.005,0.122
-0.021,-0.014,0.226
0.035,0.042,0.135
-0.012,0.005,-0.757
-0.068,0.014,-0.292
0.025,0.005,-0.788
-0.003,0.005,-0.086
-0.012,-0.033,-0.579
0.044,0.051,0.258
-0.021,-0.042,-0.367
-0.021,0.033,-0.448
-0.021,-0.089,-0.800
0.072,0.014,-0.007
-0.031,-0.033,-0.520
0.016,-0.014,0.391
-0.059,0.014,-0.533
-0.021,-0.042,-0.237
0.025,0.005,0.406
-0.068,-0.042,-0.548
-0.012,-0.024,-0.083
0.054,0.070,0.832
-0.021,-0.024,-0.070
0.044,0.005,0.267
-0.031,-0.014,-0.227
-0.003,-0.042,-0.664
-0.021,-0.005,0.242
-0.031,-0.024,0.070
-0.050,-0.014,-0.249
0.072,0.033,0.764
-0.012,0.014,0.092
-0.021,0.005,-0.072
0.035,0.005,0.158
-0.031,-0.005,-0.229
0.129,0.079,0.928
-0.031,0.051,0.257
-0.003,-0.005,-0.212
-0.003,-0.014,-0.062
-0.021,-0.005,-0.215
0.091,0.033,0.876
-0.059,0.051,-0.558
-0.003,0.023,0.399
0.025,0.005,0.550
-0.031,-0.070,-0.689
-0.012,-0.014,0.067
0.016,-0.005,-0.570
0.007,0.005,0.536
0.072,0.042,0.770
0.025,0.005,-0.464
-0.021,-0.014,0.065
-0.021,0.033,-0.001
0.016,0.005,0.218
-0.003,-0.005,0.094
0.044,0.033,0.717
-0.012,0.042,-0.301
-0.040,-0.005,0.074
0.007,0.070,0.365
-0.012,-0.042,-0.503
-0.012,-0.005,0.389
-0.087,-0.014,-0.755
0.100,0.070,0.716
-0.068,-0.024,-0.777
-0.031,-0.042,-0.376
-0.012,-0.042,-0.068
0.007,-0.061,-0.836
-0.031,-0.005,-0.095
-0.040,-0.005,-0.184
-0.012,-0.042,-0.666
0.063,0.023,0.471
-0.012,-0.005,0.393
-0.003,0.005,0.070
0.016,0.014,-0.606
-0.031,-0.014,0.082
-0.040,0.005,-0.326
-0.021,0.014,0.218
-0.059,-0.014,-0.243
0.035,0.014,0.388
0.007,-0.005,0.100
-0.021,-0.014,0.061
-0.021,0.079,-0.162
-0.031,0.033,-0.558
-0.021,-0.042,-0.232
0.025,-0.005,0.559
-0.003,-0.014,0.232
0.025,-0.005,0.400
0.044,0.014,-0.160
-0.021,-0.014,-0.214
-0.012,0.042,0.137
0.072,0.005,0.878
-0.021,0.005,0.124
-0.021,0.023,-0.087
0.082,0.005,0.890
-0.012,-0.052,-0.842
-0.078,-0.042,-0.702
-0.059,-0.005,-0.272
-0.031,-0.070,-0.856
-0.003,0.005,0.246
0.063,0.042,0.767
0.044,0.005,-0.455
0.016,0.051,0.424
-0.021,-0.014,-0.210
0.035,0.023,-0.186
-0.012,0.005,-0.059
-0.021,-0.005,0.215
-0.021,-0.024,-0.091
-0.012,0.014,-0.187
-0.021,-0.033,-0.073
-0.068,-0.024,-0.549
-0.021,-0.070,-0.695
0.054,-0.005,0.715
0.082,0.014,0.883
-0.040,0.023,-0.178
0.072,0.023,0.340
-0.078,-0.052,-0.858
0.025,0.005,0.117
0.119,0.070,0.692
-0.040,-0.061,-0.536
-0.087,-0.042,-0.711
-0.059,-0.033,-0.749
0.016,-0.005,0.232
0.025,0.042,0.392
0.016,0.070,0.719
-0.050,-0.024,-0.090
0.035,0.033,0.540
-0.050,0.051,-0.178
-0.003,-0.005,-0.085
0.044,0.014,0.174
-0.021,-0.042,-0.533
0.016,0.042,0.388
0.157,0.070,0.947
-0.012,-0.005,0.064
0.007,0.051,0.372
0.025,0.005,-0.464
-0.050,-0.080,-0.856
0.016,0.014,0.381
0.110,0.070,0.872
-0.021,-0.033,-0.364
-0.003,-0.042,0.105
-0.031,0.079,-0.094
0.091,0.061,0.520
0.007,0.051,0.372
0.035,0.005,0.388
-0.078,0.014,-0.413
0.082,0.014,0.733
-0.003,-0.005,0.540
-0.012,-0.024,-0.075
-0.003,-0.005,0.100
-0.050,0.061,-0.509
-0.068,-0.033,-0.710
-0.021,-0.033,-0.076
-0.040,-0.014,0.074
-0.050,0.070,-0.252
-0.068,-0.033,-0.393
-0.021,-0.033,-0.239
-0.040,-0.005,0.065
0.072,0.005,0.704
-0.012,-0.052,-0.572
0.025,0.014,0.545
-0.003,0.014,0.185
-0.012,-0.014,-0.217
0.044,0.051,0.599
0.110,0.079,0.846
0.007,-0.005,0.380
0.044,0.014,0.713
0.044,0.061,0.698
-0.021,-0.005,0.226
-0.012,-0.014,0.086
0.082,0.042,0.306
-0.012,0.005,0.243
-0.012,-0.005,-0.075
-0.040,-0.005,-0.090
-0.059,0.023,-0.493
-0.031,-0.033,-0.222
-0.021,-0.014,0.226
0.007,0.005,0.068
0.025,-0.005,0.546
-0.078,0.023,-0.495
0.016,0.005,-0.751
-0.012,-0.061,-0.872
0.091,0.079,0.796
0.025,0.014,0.236
0.044,0.005,-0.119
-0.050,-0.033,-0.393
0.007,-0.005,0.384
0.138,0.042,0.950
0.072,0.033,0.764
0.016,-0.005,0.384
-0.040,-0.061,-0.841
-0.012,-0.014,-0.062
0.072,0.023,0.730
-0.021,0.042,-0.013
-0.012,-0.024,-0.070
-0.040,0.005,-0.182
0.044,0.061,0.619
-0.040,-0.042,-0.518
-0.050,0.023,-0.046
-0.068,-0.024,-0.722
-0.059,-0.033,-0.388
-0.087,-0.042,-0.545
-0.050,0.014,-0.344
-0.012,0.033,0.068
-0.031,0.033,-0.035
-0.031,-0.014,0.073
-0.021,-0.014,-0.360
-0.021,0.005,-0.794
-0.021,-0.005,0.226
-0.021,-0.005,0.223
-0.021,0.033,-0.448
0.072,0.014,-0.134
-0.059,0.061,-0.369
0.007,-0.014,0.253
0.138,0.061,0.882
-0.021,-0.033,-0.064
0.007,0.005,0.542
-0.012,-0.061,-0.684
-0.012,-0.005,-0.463
-0.021,-0.042,-0.230
0.016,-0.005,0.071
-0.021,-0.061,-0.543
-0.096,-0.033,-0.778
-0.059,-0.033,-0.532
0.091,0.042,0.928
-0.087,-0.024,-0.750
0.063,0.005,-0.426
0.044,0.023,0.555
-0.021,-0.052,-0.374
-0.068,0.033,-0.594
0.044,-0.005,-0.627
0.110,0.061,0.597
0.063,0.033,0.707
-0.021,-0.014,0.223
-0.031,-0.033,-0.513
0.072,0.033,0.729
-0.021,0.014,0.084
-0.031,0.005,0.091
0.072,0.005,0.731
-0.096,-0.070,-0.681
0.007,0.042,0.587
-0.031,0.014,-0.463
0.044,0.033,0.170
-0.031,-0.042,-0.383
0.025,0.023,0.387
-0.021,-0.024,0.082
0.007,0.005,0.078
-0.031,-0.070,-0.682
-0.068,0.014,-0.414
-0.068,-0.070,-0.871
-0.031,-0.061,-0.541
-0.040,-0.005,-0.396
-0.012,-0.005,-0.208
-0.031,0.005,-0.072
0.119,0.051,0.896
0.007,0.014,-0.233
-0.078,0.014,-0.413
0.007,0.005,0.229
-0.003,-0.014,0.102
0.072,-0.005,0.875
-0.059,0.005,-0.398
-0.012,-0.024,-0.434
0.044,0.023,-0.020
0.007,0.089,0.171
0.082,0.033,0.898
-0.003,-0.005,0.379
0.035,0.005,-0.779
0.044,0.033,0.495
0.016,-0.005,-0.043
-0.031,-0.042,-0.372
0.007,0.005,-0.419
-0.050,-0.014,-0.092
0.025,0.005,-0.091
0.016,-0.005,-0.732
-0.003,0.005,-0.189
-0.021,-0.052,-0.518
0.100,0.005,0.883
-0.031,-0.024,0.070
0.082,0.023,0.740
-0.096,-0.089,-0.874
0.082,-0.005,0.954
-0.031,-0.014,0.076
0.007,0.005,0.552
0.129,0.079,0.928
0.082,0.023,0.740
-0.021,0.023,0.197
-0.021,-0.005,0.228
-0.021,0.005,0.371
-0.040,-0.024,0.069
0.091,-0.014,0.881
-0.087,0.005,-0.585
0.044,0.005,0.554
0.063,0.051,0.767
-0.031,0.014,0.083
-0.040,-0.024,-0.620
0.007,0.005,-0.785
-0.059,-0.005,-0.786
0.072,-0.005,-0.619
0.035,0.023,0.534
0.035,0.005,0.378
-0.059,0.042,-0.322
-0.040,-0.005,0.068
-0.012,0.089,-0.078
-0.021,-0.005,0.075
0.025,0.005,0.391
-0.087,-0.014,-0.638
-0.031,-0.070,-0.531
-0.050,-0.080,-0.856
0.082,0.014,0.580
-0.021,-0.005,0.068
-0.012,-0.014,-0.090
0.035,0.005,0.723
-0.003,0.023,0.382
-0.040,-0.033,-0.613
0.054,0.033,0.718
-0.021,-0.024,-0.310
-0.021,-0.005,0.007
-0.031,-0.042,-0.072
-0.031,-0.014,0.076
0.054,0.042,0.909
0.007,-0.005,-0.780
-0.012,0.070,0.236
-0.012,-0.014,0.088
-0.012,-0.014,-0.090
0.025,0.005,-0.742
-0.012,-0.042,-0.366
0.016,0.014,0.053
-0.040,-0.014,-0.239
-0.050,-0.024,0.077
0.054,0.005,0.562
-0.031,-0.005,-0.238
-0.040,0.061,0.136
0.054,0.070,0.771
-0.078,-0.070,-0.695
-0.003,-0.033,-0.065
-0.040,0.005,0.075
0.082,0.042,0.901
0.072,0.005,-0.461
-0.003,-0.005,-0.051
-0.059,-0.005,-0.364
0.007,0.005,-0.605
0.072,-0.014,0.726
-0.021,0.005,0.215
-0.003,0.033,0.122
0.054,0.005,0.113
-0.040,-0.014,-0.085
-0.106,-0.024,-0.738
-0.087,-0.070,-0.865
-0.040,-0.024,-0.393
-0.021,-0.042,-0.224
0.091,0.042,0.385
-0.059,-0.014,-0.225
-0.078,-0.042,-0.827
0.063,-0.005,0.734
0.035,0.023,-0.186
0.044,0.005,-0.620
0.044,-0.005,-0.462
-0.021,0.005,0.224
0.035,-0.005,0.101
-0.021,-0.033,-0.073
-0.021,0.014,0.224
-0.012,0.005,-0.453
-0.021,-0.070,-0.833
-0.050,0.023,-0.587
0.035,0.005,0.864
-0.021,0.014,0.227
-0.031,-0.052,-0.388
-0.087,-0.061,-0.696
-0.003,-0.042,-0.381
0.091,0.014,0.900
0.016,0.023,-0.113
0.025,-0.014,0.254
-0.050,0.005,-0.384
0.054,0.005,-0.262
0.054,0.042,0.909
-0.012,-0.061,-0.833
-0.050,-0.033,-0.538
0.007,0.005,0.382
0.054,0.014,-0.616
0.007,0.051,0.527
-0.021,0.061,-0.020
-0.031,-0.024,-0.073
-0.031,-0.061,-0.377
-0.021,-0.014,-0.425
-0.068,-0.061,-0.541
-0.059,0.023,-0.856
-0.031,0.014,-0.125
-0.068,0.033,-0.407
-0.021,-0.052,-0.233
-0.031,-0.070,-0.538
-0.040,0.005,-0.292
-0.031,-0.014,-0.096
0.054,0.070,0.832
-0.021,-0.070,-0.839
-0.040,-0.014,-0.342
-0.040,0.014,-0.467
0.007,-0.024,0.241
-0.078,-0.033,-0.540
-0.012,0.033,0.255
-0.031,-0.033,-0.382
-0.087,-0.052,-0.711
0.035,-0.005,-0.474
0.082,-0.005,0.714
0.025,0.014,-0.049
-0.021,0.005,-0.060
-0.031,-0.042,-0.668
-0.040,0.014,-0.077
-0.040,0.005,0.083
-0.068,0.005,-0.414
-0.078,0.005,-0.460
-0.040,0.014,-0.556
0.119,0.033,0.465
0.007,-0.005,0.552
-0.040,-0.033,-0.394
-0.003,0.005,0.220
-0.012,0.005,0.065
0.035,0.023,0.396
-0.012,0.014,0.221
0.016,0.042,0.578
-0.050,-0.014,-0.240
0.016,0.005,0.112
-0.021,-0.024,-0.444
-0.068,-0.033,-0.702
0.016,-0.005,0.414
0.044,-0.005,0.253
-0.059,-0.042,-0.538
0.072,-0.005,0.710
0.035,-0.005,-0.777
0.035,0.005,-0.606
0.025,0.005,-0.618
0.063,0.014,0.711
0.063,-0.005,0.713
-0.087,-0.042,-0.865
0.100,0.014,0.897
-0.012,-0.024,-0.392
0.025,0.005,-0.568
0.035,-0.005,0.416
-0.031,0.033,-0.558
-0.031,0.005,0.082
-0.040,0.079,-0.249
-0.003,0.023,0.245
-0.040,-0.024,-0.090
-0.003,-0.005,0.218
0.054,0.005,-0.601
0.044,-0.005,0.550
-0.040,-0.005,0.077
0.025,0.042,0.203
0.129,0.070,0.843
0.016,0.023,0.256
0.100,-0.014,0.882
0.035,0.023,0.850
0.025,0.005,-0.773
-0.021,-0.042,-0.775
0.035,0.005,-0.739
-0.031,-0.014,-0.244
0.100,0.023,0.878
0.007,0.014,0.585
-0.031,-0.024,-0.398
-0.012,0.023,0.241
0.044,0.023,0.711
-0.021,-0.052,-0.231
0.007,-0.005,0.220
0.007,0.005,0.219
0.035,0.061,0.636
-0.031,-0.014,-0.086
0.054,-0.005,-0.777
0.129,0.051,0.926
-0.078,-0.042,-0.688
-0.012,0.061,0.277
-0.068,-0.033,-0.242
-0.050,-0.014,-0.380
-0.003,-0.042,-0.341
-0.031,0.023,-0.554
0.007,-0.005,-0.465
0.100,-0.014,0.891
-0.021,0.014,-0.562
-0.003,0.023,0.253
0.016,0.033,0.505
-0.031,0.005,-0.092
-0.050,-0.014,-0.235
-0.040,-0.005,-0.090
0.063,0.023,0.871
0.016,0.033,0.505
-0.068,-0.024,-0.543
-0.059,-0.005,-0.111
-0.087,-0.061,-0.866
-0.059,-0.014,-0.225
0.016,0.005,0.405
-0.040,0.023,-0.470
-0.031,-0.061,-0.864
-0.087,-0.052,-0.861
-0.021,0.023,-0.495
-0.040,-0.005,-0.070
-0.087,-0.052,-0.703
0.007,-0.005,0.242
-0.031,0.033,0.172
0.044,-0.005,-0.624
-0.050,-0.005,-0.238
-0.012,-0.024,-0.063
0.007,0.005,-0.785
-0.003,0.023,0.072
0.119,0.070,0.931
-0.012,0.079,0.061
-0.068,-0.070,-0.696
0.025,0.005,0.391
-0.087,0.005,-0.513
0.016,0.023,0.232
0.072,-0.005,0.881
-0.040,0.023,-0.643
0.025,0.061,0.475
-0.040,-0.024,-0.401
0.025,0.005,0.699
-0.012,-0.061,-0.849
-0.031,-0.042,-0.235
-0.003,0.023,0.183
0.072,0.051,0.327
0.044,0.033,-0.015
0.072,0.014,0.734
0.007,0.023,0.230
-0.059,-0.080,-0.864
-0.031,-0.080,-0.842
0.063,0.014,0.717
0.063,0.051,0.882
-0.059,-0.024,-0.082
0.025,-0.005,0.380
0.035,0.042,0.544
-0.021,-0.024,-0.721
-0.040,-0.024,-0.240
-0.021,-0.061,-0.850
0.072,-0.014,0.717
-0.096,-0.052,-0.877
-0.012,-0.024,-0.371
-0.040,-0.014,0.082
0.100,0.042,0.825
-0.031,0.005,0.066
0.025,-0.005,-0.418
-0.012,0.051,0.169
-0.068,-0.024,-0.401
-0.068,0.014,-0.348
0.016,-0.014,0.240
0.063,0.023,0.431
-0.003,-0.042,-0.883
0.007,-0.005,0.073
-0.012,-0.033,-0.212
0.025,-0.014,0.559
-0.040,-0.042,-0.395
-0.003,0.005,-0.369
0.025,0.014,-0.049
-0.031,0.005,0.233
-0.050,-0.042,-0.545
-0.021,0.051,-0.031
-0.003,0.033,0.167
0.025,0.005,0.563
0.072,0.023,0.706
-0.068,0.014,-0.268
-0.040,-0.052,-0.380
-0.021,-0.042,-0.079
-0.003,0.014,0.125
-0.021,0.005,-0.240
-0.003,0.014,0.076
0.016,-0.005,0.219
-0.059,-0.033,-0.802
0.016,0.005,0.226
-0.021,-0.024,-0.846
-0.003,0.005,0.544
0.007,-0.005,-0.643
0.054,-0.005,0.717
-0.040,-0.005,-0.708
0.082,0.014,0.713
-0.059,-0.052,-0.865
0.044,0.005,-0.774
-0.068,-0.042,-0.724
0.025,0.005,0.717
-0.021,-0.024,-0.195
0.072,0.033,0.718
0.044,0.033,0.849
-0.021,-0.042,-0.514
0.082,0.005,0.881
0.054,0.033,0.012
0.007,-0.014,0.397
-0.087,-0.052,-0.861
0.007,0.042,0.120
0.054,0.005,-0.262
-0.050,0.023,-0.072
0.100,0.033,0.626
-0.078,0.014,-0.426
-0.012,0.005,-0.173
0.035,0.023,0.385
-0.012,-0.014,0.392
0.025,0.042,0.441
-0.040,0.070,0.212
-0.021,-0.014,-0.039
0.035,-0.005,0.376
0.035,0.005,-0.617
-0.003,-0.005,0.226
-0.078,-0.033,-0.739
-0.068,-0.014,-0.637
0.035,-0.005,0.565
-0.078,-0.042,-0.878
0.082,0.042,0.306
0.035,0.005,0.540
-0.068,-0.052,-0.864
0.054,0.023,0.558
-0.031,0.005,0.079
-0.021,-0.061,-0.835
0.054,-0.014,0.715
0.044,-0.005,-0.788
0.016,0.033,0.274
-0.012,-0.005,-0.085
-0.012,0.014,0.027
0.100,0.051,0.473
-0.087,-0.052,-0.705
0.025,0.005,0.049
-0.021,-0.005,0.231
0.100,0.033,0.876
-0.078,-0.042,-0.391
0.016,0.070,0.186
-0.012,-0.014,-0.076
0.129,0.023,0.906
0.063,0.005,0.725
0.007,0.061,0.040
-0.021,-0.005,0.223
-0.087,0.005,-0.672
0.054,-0.005,0.736
-0.021,-0.052,-0.544
-0.021,-0.042,-0.215
0.007,-0.005,0.226
0.016,-0.014,0.240
0.007,-0.014,-0.494
-0.040,-0.014,-0.072
-0.050,-0.052,-0.693
-0.087,-0.061,-0.875
0.007,0.005,-0.293
0.007,0.005,0.103
0.035,0.014,0.388
0.054,0.051,0.842
0.147,0.070,0.963
0.044,0.061,0.917
-0.003,0.042,0.130
-0.012,-0.024,-0.228
-0.021,-0.014,0.069
0.054,0.014,0.719
0.007,0.014,0.389
0.007,-0.014,0.228
-0.078,-0.024,-0.711
-0.040,0.061,-0.378
0.035,-0.005,-0.637
-0.021,0.023,-0.569
-0.031,-0.033,-0.394
0.007,0.023,0.143
-0.012,-0.042,-0.542
0.007,0.023,0.230
0.054,-0.005,-0.612
-0.021,0.005,0.069
-0.021,-0.033,-0.084
0.054,0.005,-0.612
0.007,0.005,0.081
0.016,0.023,0.286
-0.068,0.014,-0.348
0.044,0.023,0.473
0.025,0.005,-0.788
0.035,0.014,-0.582
-0.003,-0.042,-0.510
-0.003,-0.005,0.062
0.035,0.042,0.469
-0.040,0.023,-0.003
0.072,0.042,0.801
-0.012,0.023,-0.012
0.054,0.051,0.952
-0.021,0.023,0.246
-0.068,0.014,-0.404
0.007,0.098,0.348
-0.040,-0.061,-0.868
-0.012,-0.024,-0.075
0.044,0.061,0.352
0.025,0.051,0.274
-0.012,-0.014,0.229
0.007,-0.014,0.253
0.035,-0.005,0.546
-0.031,0.005,-0.245
0.025,0.005,0.222
-0.059,-0.024,-0.394
0.063,0.023,0.586
-0.012,0.005,0.243
0.007,0.005,0.225
