Unnamed: 0,nframe_31214065500,absframe_31214065500,x0_31214065500,y0_31214065500,area_31214065500,yadj_31214065500,flower_31214065500,visit_num_31214065500,sx_31214065500,sy_31214065500,speeds_31214065500
0,0,350572,122.0,589.0,1178.0,589.0,,,122.0,589.0,17.69180601295413
1,1,350573,146.0,615.0,598.0,615.0,,,134.0,602.0,12.758439472669773
2,2,350574,170.0,615.0,226.0,615.0,,,146.0,606.3333333333334,21.302060411560586
3,3,350575,182.0,611.0,204.0,611.0,0.0,1.0,166.0,613.6666666666666,10.588253449512402
4,4,350576,174.0,600.0,633.0,600.0,0.0,1.0,175.33333333333334,608.6666666666666,10.898521816181203
5,5,350577,183.0,585.0,753.0,585.0,0.0,1.0,179.66666666666666,598.6666666666666,15.620499351813308
6,6,350578,218.0,581.0,1059.0,581.0,0.0,1.0,191.66666666666663,588.6666666666666,34.67307633052227
7,7,350579,278.0,602.0,1940.0,602.0,0.0,1.0,226.33333333333331,589.3333333333334,54.69105147198312
8,8,350580,345.0,611.0,1382.0,611.0,,,280.3333333333333,598.0,56.349110216774704
9,9,350581,382.0,622.0,1025.0,622.0,,,335.0,611.6666666666666,38.8873015549064
10,10,350582,391.0,631.0,1033.0,631.0,,,372.6666666666667,621.3333333333334,17.69180601295413
11,11,350583,381.0,650.0,838.0,650.0,,,384.6666666666667,634.3333333333334,17.01306687356647
12,12,350584,353.0,664.0,1677.0,664.0,,,375.0,648.3333333333334,29.287843515318347
13,13,350585,325.0,689.0,795.0,689.0,,,353.0,667.6666666666666,33.65181190433061
14,14,350586,297.0,706.0,1044.0,706.0,,,325.0,686.3333333333334,32.21628297753925
15,15,350587,268.0,710.0,1538.0,710.0,,,296.6666666666667,701.6666666666666,26.92582403567252
16,16,350588,250.0,719.0,1315.0,719.0,,,271.6666666666667,711.6666666666666,28.776919764128884
17,17,350589,215.0,733.0,288.0,733.0,,,244.33333333333331,720.6666666666666,25.96150997149434
18,18,350590,193.0,731.0,614.0,731.0,,,219.33333333333331,727.6666666666666,28.335294049804556
19,19,350591,165.0,718.0,1285.0,718.0,,,191.0,727.3333333333334,25.564732651752035
20,20,350592,144.0,704.0,867.0,704.0,,,167.33333333333334,717.6666666666666,31.27121502098835
21,21,350593,113.0,682.0,1954.0,682.0,,,140.66666666666666,701.3333333333334,28.067379246694507
22,22,350594,98.0,667.0,1565.0,667.0,,,118.33333333333331,684.3333333333334,18.90913947157713
23,23,350595,101.0,667.0,1629.0,667.0,,,104.0,672.0,2.6034165586355544
24,24,350596,118.0,676.0,1485.0,676.0,,,105.66666666666669,670.0,17.61312641816385
25,25,350597,144.0,693.0,1127.0,693.0,,,121.0,678.6666666666666,21.32551940229776
26,26,350598,159.0,694.0,607.0,694.0,,,140.33333333333334,687.6666666666666,9.386751893552471
27,27,350599,145.0,668.0,764.0,668.0,,,149.33333333333334,685.0,15.495519065559243
28,28,350600,129.0,649.0,2104.0,649.0,,,144.33333333333334,670.3333333333334,29.73400597146498
29,29,350601,105.0,623.0,1669.0,623.0,,,126.33333333333331,646.6666666666666,16.97710877099573
30,30,350602,110.0,631.0,2682.0,631.0,,,114.66666666666669,634.3333333333334,3.681787005729162
31,31,350603,130.0,638.0,2046.0,638.0,,,115.0,630.6666666666666,10.63014581273465
32,32,350604,129.0,644.0,1972.0,644.0,,,123.0,637.6666666666666,12.078447287995653
33,33,350605,142.0,648.0,1389.0,648.0,,,133.66666666666666,643.3333333333334,5.088112507491237
34,34,350606,143.0,646.0,1605.0,646.0,,,138.0,646.0,6.674994798166921
35,35,350607,149.0,645.0,1198.0,645.0,,,144.66666666666666,646.3333333333334,3.1622776601683795
36,36,350608,151.0,645.0,1032.0,645.0,,,147.66666666666666,645.3333333333334,5.754225500544042
37,37,350609,160.0,649.0,879.0,649.0,,,153.33333333333334,646.3333333333334,2.23606797749979
38,38,350610,155.0,648.0,1020.0,648.0,,,155.33333333333334,647.3333333333334,2.538591035287952
39,39,350611,158.0,648.0,836.0,648.0,,,157.66666666666666,648.3333333333334,1.2018504251546736
40,40,350612,162.0,646.0,712.0,646.0,,,158.33333333333334,647.3333333333334,2.6874192494328524
41,41,350613,162.0,644.0,622.0,644.0,,,160.66666666666666,646.0,2.403700850309347
42,42,350614,164.0,644.0,662.0,644.0,,,162.66666666666666,644.6666666666666,2.108185106778917
43,43,350615,160.0,640.0,608.0,640.0,0.0,1.0,162.0,642.6666666666666,1.3333333333332575
44,44,350616,162.0,640.0,578.0,640.0,0.0,1.0,162.0,641.3333333333334,0.9428090415821104
45,45,350617,166.0,642.0,557.0,642.0,0.0,1.0,162.66666666666666,640.6666666666666,2.8480012484391946
46,46,350618,168.0,637.0,671.0,637.0,0.0,1.0,165.33333333333334,639.6666666666666,2.23606797749979
47,47,350619,168.0,637.0,712.0,637.0,0.0,1.0,167.33333333333334,638.6666666666666,1.3743685418724754
48,48,350620,167.0,638.0,730.0,638.0,0.0,1.0,167.66666666666666,637.3333333333334,0.0
49,49,350621,168.0,637.0,691.0,637.0,0.0,1.0,167.66666666666666,637.3333333333334,0.0
50,50,350622,168.0,637.0,649.0,637.0,0.0,1.0,167.66666666666666,637.3333333333334,0.4714045207910651
51,51,350623,168.0,637.0,675.0,637.0,0.0,1.0,168.0,637.0,0.3333333333333712
52,52,350624,168.0,638.0,727.0,638.0,0.0,1.0,168.0,637.3333333333334,0.3333333333332575
53,53,350625,168.0,638.0,723.0,638.0,0.0,1.0,168.0,637.6666666666666,0.0
54,54,350626,168.0,637.0,685.0,637.0,0.0,1.0,168.0,637.6666666666666,0.3333333333332575
55,55,350627,168.0,637.0,655.0,637.0,0.0,1.0,168.0,637.3333333333334,0.4714045207910651
56,56,350628,167.0,637.0,678.0,637.0,0.0,1.0,167.66666666666666,637.0,0.4714045207910451
57,57,350629,167.0,638.0,726.0,638.0,0.0,1.0,167.33333333333334,637.3333333333334,0.3333333333333428
58,58,350630,167.0,637.0,719.0,637.0,0.0,1.0,167.0,637.3333333333334,0.0
59,59,350631,167.0,637.0,691.0,637.0,0.0,1.0,167.0,637.3333333333334,0.3333333333333712
60,60,350632,167.0,637.0,691.0,637.0,0.0,1.0,167.0,637.0,0.0
61,61,350633,167.0,637.0,705.0,637.0,0.0,1.0,167.0,637.0,0.0
62,62,350634,167.0,637.0,738.0,637.0,0.0,1.0,167.0,637.0,0.4714045207910651
63,63,350635,166.0,638.0,696.0,638.0,0.0,1.0,166.66666666666666,637.3333333333334,1.201850425154642
64,64,350636,164.0,639.0,630.0,639.0,0.0,1.0,165.66666666666666,638.0,1.6666666666666514
65,65,350637,163.0,640.0,616.0,640.0,0.0,1.0,164.33333333333334,639.0,1.4907119849998895
66,66,350638,168.0,642.0,678.0,642.0,0.0,1.0,165.0,640.3333333333334,1.6666666666666743
67,67,350639,168.0,642.0,637.0,642.0,0.0,1.0,166.33333333333334,641.3333333333334,2.0275875100993943
68,68,350640,169.0,641.0,560.0,641.0,0.0,1.0,168.33333333333334,641.6666666666666,0.7453559924999003
69,69,350641,167.0,640.0,604.0,640.0,0.0,1.0,168.0,641.0,0.94280904158203
70,70,350642,166.0,640.0,580.0,640.0,0.0,1.0,167.33333333333334,640.3333333333334,0.7453559924999638
71,71,350643,167.0,640.0,499.0,640.0,0.0,1.0,166.66666666666666,640.0,0.3333333333333712
72,72,350644,167.0,641.0,508.0,641.0,0.0,1.0,166.66666666666666,640.3333333333334,0.7453559924999129
73,73,350645,168.0,641.0,492.0,641.0,0.0,1.0,167.33333333333334,640.6666666666666,0.4714045207910451
74,74,350646,168.0,641.0,482.0,641.0,0.0,1.0,167.66666666666666,641.0,0.3333333333333428
75,75,350647,168.0,641.0,458.0,641.0,0.0,1.0,168.0,641.0,0.3333333333333428
76,76,350648,167.0,641.0,433.0,641.0,0.0,1.0,167.66666666666666,641.0,0.3333333333333144
77,77,350649,167.0,641.0,423.0,641.0,0.0,1.0,167.33333333333334,641.0,3.0731814857642874
78,78,350650,177.0,639.0,171.0,639.0,0.0,1.0,170.33333333333334,640.3333333333334,3.726779962499654
79,79,350651,178.0,639.0,153.0,639.0,0.0,1.0,174.0,639.6666666666666,3.7267799624996334
80,80,350652,178.0,639.0,162.0,639.0,0.0,1.0,177.66666666666666,639.0,0.3333333333333428
81,81,350653,178.0,639.0,144.0,639.0,0.0,1.0,178.0,639.0,0.3333333333333428
82,82,350654,179.0,639.0,132.0,639.0,0.0,1.0,178.33333333333334,639.0,0.3333333333333144
83,83,350655,179.0,639.0,144.0,639.0,0.0,1.0,178.66666666666666,639.0,3.1622776601683795
84,84,350656,169.0,642.0,408.0,642.0,0.0,1.0,175.66666666666666,640.0,8.333333333333345
85,85,350657,155.0,646.0,131.0,646.0,0.0,1.0,167.66666666666666,642.3333333333334,3.1622776601683795
86,86,350658,170.0,642.0,505.0,642.0,0.0,1.0,164.66666666666666,643.3333333333334,0.3333333333333428
87,87,350659,170.0,642.0,508.0,642.0,0.0,1.0,165.0,643.3333333333334,8.333333333333345
88,88,350660,179.0,639.0,197.0,639.0,0.0,1.0,173.0,641.0,1.0540925533894627
89,89,350661,169.0,645.0,749.0,645.0,0.0,1.0,172.66666666666666,642.0,0.7453559924998875
90,90,350662,169.0,644.0,592.0,644.0,0.0,1.0,172.33333333333334,642.6666666666666,3.1622776601683795
91,91,350663,170.0,642.0,517.0,642.0,0.0,1.0,169.33333333333334,643.6666666666666,4.47213595499958
92,92,350664,181.0,639.0,224.0,639.0,0.0,1.0,173.33333333333334,641.6666666666666,4.642796092394676
93,93,350665,182.0,639.0,269.0,639.0,0.0,1.0,177.66666666666666,640.0,4.853406592853707
94,94,350666,184.0,638.0,324.0,638.0,0.0,1.0,182.33333333333331,638.6666666666666,1.054092553389436
95,95,350667,184.0,638.0,300.0,638.0,0.0,1.0,183.33333333333331,638.3333333333334,1.0
96,96,350668,185.0,639.0,300.0,639.0,0.0,1.0,184.33333333333331,638.3333333333334,0.3333333333333144
97,97,350669,185.0,638.0,291.0,638.0,0.0,1.0,184.66666666666663,638.3333333333334,0.0
98,98,350670,184.0,638.0,286.0,638.0,0.0,1.0,184.66666666666663,638.3333333333334,0.0
99,99,350671,185.0,639.0,246.0,639.0,0.0,1.0,184.66666666666663,638.3333333333334,0.3333333333332575
100,100,350672,185.0,639.0,216.0,639.0,0.0,1.0,184.66666666666663,638.6666666666666,0.3333333333333428
101,101,350673,185.0,638.0,262.0,638.0,0.0,1.0,185.0,638.6666666666666,0.0
102,102,350674,185.0,639.0,245.0,639.0,0.0,1.0,185.0,638.6666666666666,0.3333333333333428
103,103,350675,184.0,639.0,245.0,639.0,0.0,1.0,184.66666666666663,638.6666666666666,0.3333333333333712
104,104,350676,185.0,639.0,200.0,639.0,0.0,1.0,184.66666666666663,639.0,0.3333333333333428
105,105,350677,186.0,639.0,177.0,639.0,0.0,1.0,185.0,639.0,1.0540925533894718
106,106,350678,187.0,640.0,207.0,640.0,0.0,1.0,186.0,639.3333333333334,0.6666666666666572
107,107,350679,187.0,639.0,195.0,639.0,0.0,1.0,186.66666666666663,639.3333333333334,0.3333333333332575
108,108,350680,186.0,640.0,191.0,640.0,0.0,1.0,186.66666666666663,639.6666666666666,0.0
109,109,350681,187.0,640.0,179.0,640.0,0.0,1.0,186.66666666666663,639.6666666666666,0.3333333333333712
110,110,350682,187.0,640.0,198.0,640.0,0.0,1.0,186.66666666666663,640.0,0.6666666666666856
111,111,350683,188.0,640.0,204.0,640.0,0.0,1.0,187.33333333333331,640.0,0.3333333333333712
112,112,350684,187.0,639.0,195.0,639.0,0.0,1.0,187.33333333333331,639.6666666666666,0.6666666666666572
113,113,350685,189.0,640.0,206.0,640.0,0.0,1.0,188.0,639.6666666666666,0.3333333333332575
114,114,350686,188.0,639.0,208.0,639.0,0.0,1.0,188.0,639.3333333333334,0.7453559924998875
115,115,350687,189.0,640.0,230.0,640.0,0.0,1.0,188.66666666666663,639.6666666666666,0.0
116,116,350688,189.0,640.0,233.0,640.0,0.0,1.0,188.66666666666663,639.6666666666666,0.4714045207910651
117,117,350689,189.0,640.0,241.0,640.0,0.0,1.0,189.0,640.0,0.0
118,118,350690,189.0,640.0,234.0,640.0,0.0,1.0,189.0,640.0,0.3333333333333712
119,119,350691,189.0,639.0,240.0,639.0,0.0,1.0,189.0,639.6666666666666,0.3333333333332575
120,120,350692,189.0,639.0,227.0,639.0,0.0,1.0,189.0,639.3333333333334,0.3333333333333712
121,121,350693,189.0,639.0,224.0,639.0,0.0,1.0,189.0,639.0,0.0
122,122,350694,189.0,639.0,213.0,639.0,0.0,1.0,189.0,639.0,0.3333333333333712
123,123,350695,189.0,640.0,203.0,640.0,0.0,1.0,189.0,639.3333333333334,0.3333333333332575
124,124,350696,189.0,640.0,192.0,640.0,0.0,1.0,189.0,639.6666666666666,0.0
125,125,350697,189.0,639.0,178.0,639.0,0.0,1.0,189.0,639.6666666666666,0.6666666666666288
126,126,350698,189.0,638.0,223.0,638.0,0.0,1.0,189.0,639.0,0.94280904158203
127,127,350699,191.0,638.0,209.0,638.0,0.0,1.0,189.66666666666663,638.3333333333334,1.201850425154705
128,128,350700,192.0,637.0,210.0,637.0,0.0,1.0,190.66666666666663,637.6666666666666,2.0275875100993943
129,129,350701,195.0,637.0,195.0,637.0,0.0,1.0,192.66666666666663,637.3333333333334,1.699673171197621
130,130,350702,196.0,637.0,204.0,637.0,0.0,1.0,194.33333333333331,637.0,1.3333333333333144
131,131,350703,196.0,637.0,193.0,637.0,0.0,1.0,195.66666666666663,637.0,0.3333333333333428
132,132,350704,196.0,637.0,196.0,637.0,0.0,1.0,196.0,637.0,0.3333333333333428
133,133,350705,195.0,637.0,233.0,637.0,0.0,1.0,195.66666666666663,637.0,0.3333333333333712
134,134,350706,196.0,636.0,252.0,636.0,0.0,1.0,195.66666666666663,636.6666666666666,0.3333333333332575
135,135,350707,196.0,636.0,252.0,636.0,0.0,1.0,195.66666666666663,636.3333333333334,0.9428090415821304
136,136,350708,197.0,635.0,209.0,635.0,0.0,1.0,196.33333333333331,635.6666666666666,0.4714045207909647
137,137,350709,197.0,635.0,215.0,635.0,0.0,1.0,196.66666666666663,635.3333333333334,0.4714045207910651
138,138,350710,197.0,635.0,198.0,635.0,0.0,1.0,197.0,635.0,0.3333333333333712
139,139,350711,197.0,636.0,216.0,636.0,0.0,1.0,197.0,635.3333333333334,0.0
140,140,350712,197.0,635.0,215.0,635.0,0.0,1.0,197.0,635.3333333333334,0.4714045207909848
141,141,350713,196.0,636.0,209.0,636.0,0.0,1.0,196.66666666666663,635.6666666666666,0.3333333333333144
142,142,350714,196.0,636.0,224.0,636.0,0.0,1.0,196.33333333333331,635.6666666666666,0.3333333333333712
143,143,350715,197.0,636.0,214.0,636.0,0.0,1.0,196.33333333333331,636.0,0.6666666666666572
144,144,350716,198.0,636.0,240.0,636.0,0.0,1.0,197.0,636.0,1.374368541872572
145,145,350717,200.0,635.0,210.0,635.0,0.0,1.0,198.33333333333331,635.6666666666666,1.374368541872517
146,146,350718,201.0,635.0,180.0,635.0,0.0,1.0,199.66666666666663,635.3333333333334,1.201850425154705
147,147,350719,201.0,634.0,187.0,634.0,0.0,1.0,200.66666666666663,634.6666666666666,0.0
148,148,350720,200.0,635.0,188.0,635.0,0.0,1.0,200.66666666666663,634.6666666666666,0.6666666666666572
149,149,350721,199.0,635.0,188.0,635.0,0.0,1.0,200.0,634.6666666666666,0.7453559924999384
150,150,350722,199.0,635.0,182.0,635.0,0.0,1.0,199.33333333333331,635.0,0.0
151,151,350723,200.0,635.0,210.0,635.0,0.0,1.0,199.33333333333331,635.0,0.3333333333333144
152,152,350724,200.0,635.0,210.0,635.0,0.0,1.0,199.66666666666663,635.0,0.3333333333333428
153,153,350725,200.0,635.0,200.0,635.0,0.0,1.0,200.0,635.0,0.4714045207910651
154,154,350726,201.0,634.0,167.0,634.0,0.0,1.0,200.33333333333331,634.6666666666666,1.0
155,155,350727,200.0,632.0,150.0,632.0,0.0,1.0,200.33333333333331,633.6666666666666,1.0540925533894538
156,156,350728,201.0,632.0,142.0,632.0,0.0,1.0,200.66666666666663,632.6666666666666,0.7453559924998875
157,157,350729,200.0,632.0,98.0,632.0,0.0,1.0,200.33333333333331,632.0,0.7453559924999384
158,158,350730,202.0,633.0,117.0,633.0,0.0,1.0,201.0,632.3333333333334,0.3333333333333428
159,159,350731,202.0,632.0,113.0,632.0,0.0,1.0,201.33333333333331,632.3333333333334,0.6666666666666572
160,160,350732,202.0,632.0,134.0,632.0,0.0,1.0,202.0,632.3333333333334,0.6666666666667425
161,161,350733,202.0,631.0,119.0,631.0,0.0,1.0,202.0,631.6666666666666,0.3333333333333428
162,162,350734,203.0,632.0,119.0,632.0,0.0,1.0,202.33333333333331,631.6666666666666,0.3333333333332575
163,163,350735,202.0,631.0,106.0,631.0,0.0,1.0,202.33333333333331,631.3333333333334,0.4714045207909647
164,164,350736,203.0,632.0,100.0,632.0,0.0,1.0,202.66666666666663,631.6666666666666,0.4714045207909647
165,165,350737,202.0,631.0,98.0,631.0,0.0,1.0,202.33333333333331,631.3333333333334,0.3333333333332575
166,166,350738,202.0,632.0,90.0,632.0,0.0,1.0,202.33333333333331,631.6666666666666,0.7453559924999129
167,167,350739,201.0,631.0,83.0,631.0,0.0,1.0,201.66666666666663,631.3333333333334,0.0
168,168,350740,202.0,631.0,91.0,631.0,0.0,1.0,201.66666666666663,631.3333333333334,0.4714045207910651
169,169,350741,203.0,631.0,103.0,631.0,0.0,1.0,202.0,631.0,0.3333333333333712
170,170,350742,201.0,630.0,122.0,630.0,0.0,1.0,202.0,630.6666666666666,0.3333333333332575
171,171,350743,202.0,630.0,110.0,630.0,0.0,1.0,202.0,630.3333333333334,0.4714045207910651
172,172,350744,202.0,630.0,109.0,630.0,0.0,1.0,201.66666666666663,630.0,0.3333333333333428
173,173,350745,202.0,630.0,116.0,630.0,0.0,1.0,202.0,630.0,0.4714045207910651
174,174,350746,203.0,631.0,109.0,631.0,0.0,1.0,202.33333333333331,630.3333333333334,0.4714045207909647
175,175,350747,203.0,631.0,120.0,631.0,0.0,1.0,202.66666666666663,630.6666666666666,0.4714045207910651
176,176,350748,203.0,631.0,131.0,631.0,0.0,1.0,203.0,631.0,0.4714045207910651
177,177,350749,202.0,630.0,137.0,630.0,0.0,1.0,202.66666666666663,630.6666666666666,0.4714045207909647
178,178,350750,202.0,630.0,137.0,630.0,0.0,1.0,202.33333333333331,630.3333333333334,0.3333333333333428
179,179,350751,202.0,631.0,126.0,631.0,0.0,1.0,202.0,630.3333333333334,0.6666666666666288
180,180,350752,202.0,632.0,146.0,632.0,0.0,1.0,202.0,631.0,0.3333333333333712
181,181,350753,202.0,631.0,143.0,631.0,0.0,1.0,202.0,631.3333333333334,0.3333333333333712
182,182,350754,202.0,630.0,114.0,630.0,0.0,1.0,202.0,631.0,1.0540925533894627
183,183,350755,201.0,629.0,137.0,629.0,0.0,1.0,201.66666666666663,630.0,0.4714045207910651
184,184,350756,203.0,630.0,149.0,630.0,0.0,1.0,202.0,629.6666666666666,0.3333333333332575
185,185,350757,202.0,629.0,142.0,629.0,0.0,1.0,202.0,629.3333333333334,0.7453559924999384
186,186,350758,203.0,628.0,147.0,628.0,0.0,1.0,202.66666666666663,629.0,0.6666666666666288
187,187,350759,203.0,628.0,139.0,628.0,0.0,1.0,202.66666666666663,628.3333333333334,0.4714045207910651
188,188,350760,203.0,628.0,139.0,628.0,0.0,1.0,203.0,628.0,0.0
189,189,350761,203.0,628.0,139.0,628.0,0.0,1.0,203.0,628.0,0.0
190,190,350762,203.0,628.0,116.0,628.0,0.0,1.0,203.0,628.0,0.3333333333333712
191,191,350763,203.0,629.0,121.0,629.0,0.0,1.0,203.0,628.3333333333334,0.0
192,192,350764,203.0,628.0,119.0,628.0,0.0,1.0,203.0,628.3333333333334,0.3333333333333428
193,193,350765,202.0,628.0,127.0,628.0,0.0,1.0,202.66666666666663,628.3333333333334,0.9428090415821104
194,194,350766,201.0,627.0,114.0,627.0,0.0,1.0,202.0,627.6666666666666,1.4142135623730951
195,195,350767,200.0,625.0,124.0,625.0,0.0,1.0,201.0,626.6666666666666,1.201850425154642
196,196,350768,199.0,626.0,65.0,626.0,0.0,1.0,200.0,626.0,0.4714045207910651
197,197,350769,200.0,626.0,71.0,626.0,0.0,1.0,199.66666666666663,625.6666666666666,0.4714045207910451
198,198,350770,199.0,626.0,64.0,626.0,0.0,1.0,199.33333333333331,626.0,0.0
199,199,350771,199.0,626.0,65.0,626.0,0.0,1.0,199.33333333333331,626.0,0.3333333333333428
200,200,350772,199.0,626.0,65.0,626.0,0.0,1.0,199.0,626.0,0.4714045207910651
201,201,350773,198.0,625.0,65.0,625.0,0.0,1.0,198.66666666666663,625.6666666666666,0.3333333333333144
202,202,350774,198.0,626.0,97.0,626.0,0.0,1.0,198.33333333333331,625.6666666666666,0.0
203,203,350775,199.0,626.0,100.0,626.0,0.0,1.0,198.33333333333331,625.6666666666666,0.3333333333333712
204,204,350776,198.0,626.0,77.0,626.0,0.0,1.0,198.33333333333331,626.0,0.0
205,205,350777,198.0,626.0,76.0,626.0,0.0,1.0,198.33333333333331,626.0,0.3333333333333428
206,206,350778,198.0,626.0,89.0,626.0,0.0,1.0,198.0,626.0,0.0
207,207,350779,198.0,626.0,87.0,626.0,0.0,1.0,198.0,626.0,0.4714045207910651
208,208,350780,197.0,625.0,82.0,625.0,0.0,1.0,197.66666666666663,625.6666666666666,0.4714045207909647
209,209,350781,197.0,625.0,103.0,625.0,0.0,1.0,197.33333333333331,625.3333333333334,0.745355992500002
210,210,350782,197.0,624.0,95.0,624.0,0.0,1.0,197.0,624.6666666666666,0.3333333333332575
211,211,350783,197.0,624.0,102.0,624.0,0.0,1.0,197.0,624.3333333333334,0.3333333333333712
212,212,350784,197.0,624.0,89.0,624.0,0.0,1.0,197.0,624.0,0.0
213,213,350785,197.0,624.0,89.0,624.0,0.0,1.0,197.0,624.0,0.4714045207910651
214,214,350786,196.0,625.0,97.0,625.0,0.0,1.0,196.66666666666663,624.3333333333334,0.0
215,215,350787,197.0,624.0,104.0,624.0,0.0,1.0,196.66666666666663,624.3333333333334,0.0
216,216,350788,197.0,624.0,87.0,624.0,0.0,1.0,196.66666666666663,624.3333333333334,1.0
217,217,350789,199.0,625.0,128.0,625.0,0.0,1.0,197.66666666666663,624.3333333333334,1.054092553389436
218,218,350790,200.0,625.0,170.0,625.0,0.0,1.0,198.66666666666663,624.6666666666666,0.6666666666666856
219,219,350791,199.0,624.0,171.0,624.0,0.0,1.0,199.33333333333331,624.6666666666666,0.7453559924998875
220,220,350792,200.0,623.0,152.0,623.0,0.0,1.0,199.66666666666663,624.0,1.0540925533894538
221,221,350793,199.0,622.0,157.0,622.0,0.0,1.0,199.33333333333331,623.0,0.6666666666666288
222,222,350794,199.0,622.0,149.0,622.0,0.0,1.0,199.33333333333331,622.3333333333334,0.4714045207910651
223,223,350795,199.0,622.0,154.0,622.0,0.0,1.0,199.0,622.0,0.3333333333333428
224,224,350796,200.0,622.0,158.0,622.0,0.0,1.0,199.33333333333331,622.0,0.3333333333333144
225,225,350797,200.0,622.0,162.0,622.0,0.0,1.0,199.66666666666663,622.0,0.3333333333333428
226,226,350798,200.0,622.0,141.0,622.0,0.0,1.0,200.0,622.0,0.3333333333333428
227,227,350799,199.0,622.0,137.0,622.0,0.0,1.0,199.66666666666663,622.0,0.3333333333333712
228,228,350800,200.0,623.0,148.0,623.0,0.0,1.0,199.66666666666663,622.3333333333334,0.3333333333332575
229,229,350801,200.0,623.0,153.0,623.0,0.0,1.0,199.66666666666663,622.6666666666666,0.4714045207909647
230,230,350802,198.0,621.0,98.0,621.0,0.0,1.0,199.33333333333331,622.3333333333334,1.795054935711547
231,231,350803,195.0,621.0,93.0,621.0,0.0,1.0,197.66666666666663,621.6666666666666,2.0275875100993943
232,232,350804,194.0,622.0,75.0,622.0,0.0,1.0,195.66666666666663,621.3333333333334,1.3333333333333144
233,233,350805,194.0,621.0,84.0,621.0,0.0,1.0,194.33333333333331,621.3333333333334,0.7453559924999129
234,234,350806,193.0,622.0,80.0,622.0,0.0,1.0,193.66666666666663,621.6666666666666,0.6666666666666572
235,235,350807,192.0,622.0,88.0,622.0,0.0,1.0,193.0,621.6666666666666,1.0540925533894718
236,236,350808,191.0,622.0,72.0,622.0,0.0,1.0,192.0,622.0,0.6666666666666572
237,237,350809,191.0,622.0,63.0,622.0,0.0,1.0,191.33333333333331,622.0,0.4714045207910451
238,238,350810,193.0,623.0,66.0,623.0,0.0,1.0,191.66666666666663,622.3333333333334,0.4714045207909848
239,239,350811,192.0,623.0,69.0,623.0,0.0,1.0,192.0,622.6666666666666,0.4714045207910651
240,240,350812,192.0,623.0,67.0,623.0,0.0,1.0,192.33333333333331,623.0,0.3333333333333144
241,241,350813,194.0,623.0,77.0,623.0,0.0,1.0,192.66666666666663,623.0,0.3333333333333428
242,242,350814,193.0,623.0,62.0,623.0,0.0,1.0,193.0,623.0,0.4714045207910651
243,243,350815,193.0,624.0,94.0,624.0,0.0,1.0,193.33333333333331,623.3333333333334,1.201850425154642
244,244,350816,191.0,625.0,84.0,625.0,0.0,1.0,192.33333333333331,624.0,2.108185106778925
245,245,350817,191.0,629.0,116.0,629.0,0.0,1.0,191.66666666666663,626.0,1.4142135623730951
246,246,350818,196.0,627.0,200.0,627.0,0.0,1.0,192.66666666666663,627.0,1.4907119849998514
247,247,350819,195.0,627.0,235.0,627.0,0.0,1.0,194.0,627.6666666666666,2.1343747458108946
248,248,350820,196.0,625.0,251.0,625.0,0.0,1.0,195.66666666666663,626.3333333333334,1.666666666666697
249,249,350821,193.0,623.0,191.0,623.0,0.0,1.0,194.66666666666663,625.0,0.7453559924999003
250,250,350822,196.0,625.0,229.0,625.0,0.0,1.0,195.0,624.3333333333334,1.0
251,251,350823,199.0,625.0,165.0,625.0,0.0,1.0,196.0,624.3333333333334,2.666666666666657
252,252,350824,201.0,623.0,144.0,623.0,0.0,1.0,198.66666666666663,624.3333333333334,0.7453559924999129
253,253,350825,198.0,626.0,132.0,626.0,0.0,1.0,199.33333333333331,624.6666666666666,0.7453559924999638
254,254,350826,197.0,626.0,149.0,626.0,0.0,1.0,198.66666666666663,625.0,1.4907119849998258
255,255,350827,197.0,625.0,212.0,625.0,0.0,1.0,197.33333333333331,625.6666666666666,3.01846171271247
256,256,350828,199.0,635.0,118.0,635.0,0.0,1.0,197.66666666666663,628.6666666666666,6.0092521257733145
257,257,350829,196.0,644.0,257.0,644.0,0.0,1.0,197.33333333333331,634.6666666666666,17.72004514666935
258,258,350830,182.0,676.0,973.0,676.0,,,192.33333333333331,651.6666666666666,15.293426329272693
259,259,350831,186.0,679.0,692.0,679.0,,,188.0,666.3333333333334,11.897712198383129
260,260,350832,189.0,679.0,887.0,679.0,,,185.66666666666663,678.0,6.798692684790406
261,261,350833,202.0,680.0,1599.0,680.0,,,192.33333333333331,679.3333333333334,7.340905181848396
262,262,350834,208.0,678.0,1536.0,678.0,,,199.66666666666663,679.0,8.00694143297621
263,263,350835,213.0,680.0,1728.0,680.0,,,207.66666666666663,679.3333333333334,7.333333333333343
264,264,350836,224.0,680.0,2140.0,680.0,,,215.0,679.3333333333334,7.774602526460392
265,265,350837,228.0,690.0,1219.0,690.0,,,221.66666666666663,683.3333333333334,9.285592184789405
266,266,350838,239.0,690.0,1659.0,690.0,,,230.33333333333331,686.6666666666666,7.007932013876214
267,267,350839,245.0,681.0,1885.0,681.0,,,237.33333333333331,687.0,6.4377359719426686
268,268,350840,246.0,683.0,1557.0,683.0,,,243.33333333333331,684.6666666666666,5.897268670984655
269,269,350841,251.0,677.0,1713.0,677.0,,,247.33333333333331,680.3333333333334,5.587684871413408
270,270,350842,261.0,676.0,1269.0,676.0,,,252.66666666666663,678.6666666666666,13.60147050873547
271,271,350843,285.0,671.0,1056.0,671.0,,,265.6666666666667,674.6666666666666,18.3454505410893
272,272,350844,301.0,654.0,1439.0,654.0,,,282.3333333333333,667.0,21.982316125063434
273,273,350845,311.0,633.0,1629.0,633.0,,,299.0,652.6666666666666,19.894164415169023
274,274,350846,316.0,620.0,1090.0,620.0,,,309.3333333333333,635.6666666666666,16.02775370689501
275,275,350847,315.0,608.0,1245.0,608.0,,,314.0,620.3333333333334,13.68291716784927
276,276,350848,309.0,592.0,1832.0,592.0,,,313.3333333333333,606.6666666666666,9.439868172337516
277,277,350849,297.0,599.0,1050.0,599.0,,,307.0,599.6666666666666,9.614803401237262
278,278,350850,291.0,592.0,1859.0,592.0,,,299.0,594.3333333333334,6.1463629715286
279,279,350851,291.0,588.0,1520.0,588.0,,,293.0,593.0,6.342099196813519
280,280,350852,298.0,580.0,1550.0,580.0,,,293.3333333333333,586.6666666666666,8.069145624606744
281,281,350853,306.0,573.0,1796.0,573.0,,,298.3333333333333,580.3333333333334,11.571036638473258
282,282,350854,314.0,562.0,1831.0,562.0,,,306.0,571.6666666666666,6.411794687223748
283,283,350855,307.0,563.0,1394.0,563.0,,,309.0,566.0,4.346134936801724
284,284,350856,313.0,562.0,1400.0,562.0,,,311.3333333333333,562.3333333333334,3.282952600598717
285,285,350857,318.0,553.0,1652.0,553.0,,,312.6666666666667,559.3333333333334,5.270462766947284
286,286,350858,320.0,554.0,807.0,554.0,,,317.0,556.3333333333334,5.270462766947284
287,287,350859,326.0,553.0,651.0,553.0,,,321.3333333333333,553.3333333333334,2.108185106778908
288,288,350860,324.0,555.0,1349.0,555.0,1.0,1.0,323.3333333333333,554.0,0.7453559924999638
289,289,350861,322.0,555.0,858.0,555.0,1.0,1.0,324.0,554.3333333333334,3.01846171271247
290,290,350862,325.0,562.0,1148.0,562.0,1.0,1.0,323.6666666666667,557.3333333333334,1.666666666666606
291,291,350863,327.0,559.0,1100.0,559.0,1.0,1.0,324.6666666666667,558.6666666666666,2.23606797749979
292,292,350864,328.0,558.0,1088.0,558.0,1.0,1.0,326.6666666666667,559.6666666666666,2.134374745810908
293,293,350865,329.0,557.0,1102.0,557.0,1.0,1.0,328.0,558.0,1.201850425154642
294,294,350866,330.0,557.0,1077.0,557.0,1.0,1.0,329.0,557.3333333333334,0.4714045207910451
295,295,350867,329.0,557.0,1127.0,557.0,1.0,1.0,329.3333333333333,557.0,0.6666666666666856
296,296,350868,331.0,557.0,1126.0,557.0,1.0,1.0,330.0,557.0,0.7453559924999638
297,297,350869,332.0,556.0,1089.0,556.0,1.0,1.0,330.6666666666667,556.6666666666666,1.4142135623730951
298,298,350870,332.0,554.0,1098.0,554.0,1.0,1.0,331.6666666666667,555.6666666666666,1.0540925533894718
299,299,350871,330.0,554.0,1090.0,554.0,1.0,1.0,331.3333333333333,554.6666666666666,0.9428090415820096
300,300,350872,330.0,554.0,1071.0,554.0,1.0,1.0,330.6666666666667,554.0,0.7453559924999638
301,301,350873,330.0,553.0,1048.0,553.0,1.0,1.0,330.0,553.6666666666666,0.3333333333333144
302,302,350874,329.0,554.0,1125.0,554.0,1.0,1.0,329.6666666666667,553.6666666666666,0.6666666666666856
303,303,350875,328.0,554.0,1157.0,554.0,1.0,1.0,329.0,553.6666666666666,0.7453559924999638
304,304,350876,328.0,554.0,1114.0,554.0,1.0,1.0,328.3333333333333,554.0,0.3333333333333712
305,305,350877,329.0,553.0,1122.0,553.0,1.0,1.0,328.3333333333333,553.6666666666666,0.3333333333333712
306,306,350878,329.0,554.0,1112.0,554.0,1.0,1.0,328.6666666666667,553.6666666666666,0.0
307,307,350879,328.0,554.0,1133.0,554.0,1.0,1.0,328.6666666666667,553.6666666666666,0.4714045207910853
308,308,350880,328.0,554.0,1129.0,554.0,1.0,1.0,328.3333333333333,554.0,1.9436506316151163
309,309,350881,334.0,551.0,789.0,551.0,1.0,1.0,330.0,553.0,1.7950549357115049
310,310,350882,333.0,552.0,775.0,552.0,1.0,1.0,331.6666666666667,552.3333333333334,1.943650631615068
311,311,350883,333.0,551.0,746.0,551.0,1.0,1.0,333.3333333333333,551.3333333333334,0.4714045207909647
312,312,350884,333.0,552.0,746.0,552.0,1.0,1.0,333.0,551.6666666666666,0.6666666666666288
313,313,350885,333.0,550.0,689.0,550.0,1.0,1.0,333.0,551.0,0.7453559924998875
314,314,350886,332.0,549.0,667.0,549.0,1.0,1.0,332.6666666666667,550.3333333333334,0.9428090415821304
315,315,350887,331.0,550.0,785.0,550.0,1.0,1.0,332.0,549.6666666666666,0.7453559924999638
316,316,350888,331.0,551.0,786.0,551.0,1.0,1.0,331.3333333333333,550.0,0.9428090415820096
317,317,350889,330.0,551.0,817.0,551.0,1.0,1.0,330.6666666666667,550.6666666666666,0.3333333333333712
318,318,350890,331.0,551.0,802.0,551.0,1.0,1.0,330.6666666666667,551.0,0.0
319,319,350891,331.0,551.0,786.0,551.0,1.0,1.0,330.6666666666667,551.0,0.0
320,320,350892,330.0,551.0,779.0,551.0,1.0,1.0,330.6666666666667,551.0,0.3333333333333712
321,321,350893,330.0,551.0,803.0,551.0,1.0,1.0,330.3333333333333,551.0,0.0
322,322,350894,331.0,551.0,782.0,551.0,1.0,1.0,330.3333333333333,551.0,0.3333333333333712
323,323,350895,331.0,551.0,804.0,551.0,1.0,1.0,330.6666666666667,551.0,0.3333333333333144
324,324,350896,331.0,551.0,755.0,551.0,1.0,1.0,331.0,551.0,0.3333333333333144
325,325,350897,330.0,551.0,826.0,551.0,1.0,1.0,330.6666666666667,551.0,0.3333333333333712
326,326,350898,331.0,552.0,820.0,552.0,1.0,1.0,330.6666666666667,551.3333333333334,0.4714045207910451
327,327,350899,332.0,550.0,656.0,550.0,1.0,1.0,331.0,551.0,1.201850425154642
328,328,350900,333.0,549.0,618.0,549.0,1.0,1.0,332.0,550.3333333333334,2.357022603955193
329,329,350901,330.0,545.0,577.0,545.0,1.0,1.0,331.6666666666667,548.0,2.3333333333333712
330,330,350902,332.0,543.0,587.0,543.0,1.0,1.0,331.6666666666667,545.6666666666666,3.01846171271247
331,331,350903,334.0,540.0,588.0,540.0,1.0,1.0,332.0,542.6666666666666,2.867441755680825
332,332,350904,335.0,538.0,650.0,538.0,1.0,1.0,333.6666666666667,540.3333333333334,5.587684871413428
333,333,350905,337.0,527.0,343.0,527.0,1.0,1.0,335.3333333333333,535.0,3.399346342395231
334,334,350906,336.0,530.0,375.0,530.0,1.0,1.0,336.0,531.6666666666666,3.0731814857643
335,335,350907,337.0,529.0,330.0,529.0,1.0,1.0,336.6666666666667,528.6666666666666,1.3743685418725855
336,336,350908,338.0,531.0,379.0,531.0,1.0,1.0,337.0,530.0,0.7453559924999638
337,337,350909,338.0,531.0,398.0,531.0,1.0,1.0,337.6666666666667,530.3333333333334,0.7453559924998875
338,338,350910,338.0,531.0,357.0,531.0,1.0,1.0,338.0,531.0,0.4714045207910451
339,339,350911,337.0,530.0,358.0,530.0,1.0,1.0,337.6666666666667,530.6666666666666,0.4714045207910048
340,340,350912,337.0,530.0,343.0,530.0,1.0,1.0,337.3333333333333,530.3333333333334,0.4714045207910451
341,341,350913,337.0,530.0,329.0,530.0,1.0,1.0,337.0,530.0,0.0
342,342,350914,337.0,530.0,329.0,530.0,1.0,1.0,337.0,530.0,0.0
343,343,350915,337.0,530.0,376.0,530.0,1.0,1.0,337.0,530.0,0.3333333333333144
344,344,350916,338.0,530.0,359.0,530.0,1.0,1.0,337.3333333333333,530.0,0.4714045207910853
345,345,350917,338.0,531.0,387.0,531.0,1.0,1.0,337.6666666666667,530.3333333333334,0.4714045207909647
346,346,350918,338.0,531.0,387.0,531.0,1.0,1.0,338.0,530.6666666666666,0.3333333333333144
347,347,350919,337.0,530.0,322.0,530.0,1.0,1.0,337.6666666666667,530.6666666666666,0.0
348,348,350920,338.0,531.0,431.0,531.0,1.0,1.0,337.6666666666667,530.6666666666666,1.3743685418724891
349,349,350921,337.0,527.0,294.0,527.0,1.0,1.0,337.3333333333333,529.3333333333334,1.0540925533894718
350,350,350922,338.0,527.0,246.0,527.0,1.0,1.0,337.6666666666667,528.3333333333334,1.3743685418725995
351,351,350923,337.0,527.0,272.0,527.0,1.0,1.0,337.3333333333333,527.0,0.3333333333333712
352,352,350924,337.0,526.0,246.0,526.0,1.0,1.0,337.3333333333333,526.6666666666666,0.3333333333333144
353,353,350925,337.0,527.0,259.0,527.0,1.0,1.0,337.0,526.6666666666666,0.0
354,354,350926,337.0,527.0,287.0,527.0,1.0,1.0,337.0,526.6666666666666,0.3333333333333712
355,355,350927,337.0,527.0,287.0,527.0,1.0,1.0,337.0,527.0,0.3333333333333144
356,356,350928,338.0,527.0,288.0,527.0,1.0,1.0,337.3333333333333,527.0,0.7453559924999638
357,357,350929,339.0,528.0,310.0,528.0,1.0,1.0,338.0,527.3333333333334,0.7453559924999129
358,358,350930,339.0,528.0,320.0,528.0,1.0,1.0,338.6666666666667,527.6666666666666,0.4714045207910451
359,359,350931,339.0,528.0,310.0,528.0,1.0,1.0,339.0,528.0,0.0
360,360,350932,339.0,528.0,313.0,528.0,1.0,1.0,339.0,528.0,0.3333333333333712
361,361,350933,339.0,529.0,322.0,529.0,1.0,1.0,339.0,528.3333333333334,0.0
362,362,350934,339.0,528.0,320.0,528.0,1.0,1.0,339.0,528.3333333333334,0.0
363,363,350935,339.0,528.0,320.0,528.0,1.0,1.0,339.0,528.3333333333334,0.3333333333333712
364,364,350936,339.0,528.0,320.0,528.0,1.0,1.0,339.0,528.0,0.6666666666666288
365,365,350937,339.0,530.0,335.0,530.0,1.0,1.0,339.0,528.6666666666666,0.7453559924999892
366,366,350938,338.0,530.0,272.0,530.0,1.0,1.0,338.6666666666667,529.3333333333334,0.6666666666667425
367,367,350939,339.0,526.0,189.0,526.0,1.0,1.0,338.6666666666667,528.6666666666666,2.357022603955081
368,368,350940,340.0,523.0,184.0,523.0,1.0,1.0,339.0,526.3333333333334,2.426703296426881
369,369,350941,340.0,523.0,196.0,523.0,1.0,1.0,339.6666666666667,524.0,1.490711984999877
370,370,350942,341.0,522.0,160.0,522.0,1.0,1.0,340.3333333333333,522.6666666666666,0.6666666666666288
371,371,350943,340.0,521.0,151.0,521.0,1.0,1.0,340.3333333333333,522.0,0.7453559924998875
372,372,350944,339.0,521.0,140.0,521.0,1.0,1.0,340.0,521.3333333333334,0.7453559924999638
373,373,350945,339.0,521.0,147.0,521.0,1.0,1.0,339.3333333333333,521.0,0.0
374,374,350946,340.0,521.0,147.0,521.0,1.0,1.0,339.3333333333333,521.0,0.7453559924999638
375,375,350947,341.0,522.0,154.0,522.0,1.0,1.0,340.0,521.3333333333334,0.94280904158205
376,376,350948,341.0,523.0,154.0,523.0,1.0,1.0,340.6666666666667,522.0,0.3333333333333712
377,377,350949,340.0,522.0,154.0,522.0,1.0,1.0,340.6666666666667,522.3333333333334,0.3333333333333712
378,378,350950,341.0,521.0,169.0,521.0,1.0,1.0,340.6666666666667,522.0,0.6666666666666288
379,379,350951,341.0,521.0,169.0,521.0,1.0,1.0,340.6666666666667,521.3333333333334,0.4714045207910451
380,380,350952,341.0,521.0,174.0,521.0,1.0,1.0,341.0,521.0,0.3333333333333712
381,381,350953,341.0,522.0,180.0,522.0,1.0,1.0,341.0,521.3333333333334,0.3333333333332575
382,382,350954,341.0,522.0,172.0,522.0,1.0,1.0,341.0,521.6666666666666,0.3333333333333712
383,383,350955,341.0,522.0,169.0,522.0,1.0,1.0,341.0,522.0,0.7453559924999638
384,384,350956,339.0,523.0,147.0,523.0,1.0,1.0,340.3333333333333,522.3333333333334,0.7453559924999129
385,385,350957,339.0,521.0,207.0,521.0,1.0,1.0,339.6666666666667,522.0,1.2018504251546736
386,386,350958,339.0,519.0,208.0,519.0,1.0,1.0,339.0,521.0,1.3743685418725855
387,387,350959,338.0,519.0,193.0,519.0,1.0,1.0,338.6666666666667,519.6666666666666,1.666666666666606
388,388,350960,336.0,517.0,201.0,517.0,1.0,1.0,337.6666666666667,518.3333333333334,1.2018504251546736
389,389,350961,337.0,516.0,199.0,516.0,1.0,1.0,337.0,517.3333333333334,0.9428090415821304
390,390,350962,336.0,517.0,183.0,517.0,1.0,1.0,336.3333333333333,516.6666666666666,1.201850425154642
391,391,350963,334.0,514.0,192.0,514.0,1.0,1.0,335.6666666666667,515.6666666666666,1.201850425154642
392,392,350964,334.0,514.0,168.0,514.0,1.0,1.0,334.6666666666667,515.0,1.6996731711975652
393,393,350965,335.0,512.0,162.0,512.0,1.0,1.0,334.3333333333333,513.3333333333334,0.7453559925000147
394,394,350966,335.0,512.0,162.0,512.0,1.0,1.0,334.6666666666667,512.6666666666666,0.4714045207909647
395,395,350967,335.0,513.0,143.0,513.0,1.0,1.0,335.0,512.3333333333334,0.3333333333332575
396,396,350968,335.0,513.0,155.0,513.0,1.0,1.0,335.0,512.6666666666666,0.4714045207910451
397,397,350969,336.0,513.0,162.0,513.0,1.0,1.0,335.3333333333333,513.0,0.0
398,398,350970,335.0,513.0,149.0,513.0,1.0,1.0,335.3333333333333,513.0,0.3333333333333712
399,399,350971,335.0,514.0,137.0,514.0,1.0,1.0,335.3333333333333,513.3333333333334,0.4714045207909647
400,400,350972,335.0,514.0,124.0,514.0,1.0,1.0,335.0,513.6666666666666,0.3333333333333712
401,401,350973,335.0,514.0,137.0,514.0,1.0,1.0,335.0,514.0,0.3333333333333144
402,402,350974,334.0,514.0,137.0,514.0,1.0,1.0,334.6666666666667,514.0,0.7453559924999638
403,403,350975,333.0,513.0,143.0,513.0,1.0,1.0,334.0,513.6666666666666,0.7453559924999129
404,404,350976,333.0,513.0,137.0,513.0,1.0,1.0,333.3333333333333,513.3333333333334,0.3333333333333712
405,405,350977,334.0,513.0,149.0,513.0,1.0,1.0,333.3333333333333,513.0,0.3333333333333712
406,406,350978,333.0,514.0,122.0,514.0,1.0,1.0,333.3333333333333,513.3333333333334,0.3333333333333712
407,407,350979,334.0,513.0,132.0,513.0,1.0,1.0,333.6666666666667,513.3333333333334,0.0
408,408,350980,334.0,513.0,124.0,513.0,1.0,1.0,333.6666666666667,513.3333333333334,0.0
409,409,350981,333.0,514.0,106.0,514.0,1.0,1.0,333.6666666666667,513.3333333333334,0.0
410,410,350982,334.0,513.0,119.0,513.0,1.0,1.0,333.6666666666667,513.3333333333334,0.4714045207909647
411,411,350983,335.0,514.0,119.0,514.0,1.0,1.0,334.0,513.6666666666666,0.4714045207909647
412,412,350984,334.0,513.0,127.0,513.0,1.0,1.0,334.3333333333333,513.3333333333334,0.3333333333333144
413,413,350985,333.0,513.0,141.0,513.0,1.0,1.0,334.0,513.3333333333334,1.3333333333333144
414,414,350986,331.0,514.0,119.0,514.0,1.0,1.0,332.6666666666667,513.3333333333334,1.054092553389436
415,415,350987,331.0,514.0,122.0,514.0,1.0,1.0,331.6666666666667,513.6666666666666,0.6666666666667425
416,416,350988,333.0,515.0,166.0,515.0,1.0,1.0,331.6666666666667,514.3333333333334,0.7453559924998622
417,417,350989,333.0,515.0,172.0,515.0,1.0,1.0,332.3333333333333,514.6666666666666,0.9428090415821304
418,418,350990,333.0,516.0,197.0,516.0,1.0,1.0,333.0,515.3333333333334,0.4714045207909647
419,419,350991,334.0,516.0,202.0,516.0,1.0,1.0,333.3333333333333,515.6666666666666,1.0540925533894718
420,420,350992,334.0,518.0,175.0,518.0,1.0,1.0,333.6666666666667,516.6666666666666,0.3333333333332575
421,421,350993,333.0,515.0,180.0,515.0,1.0,1.0,333.6666666666667,516.3333333333334,0.7453559924999638
422,422,350994,332.0,515.0,167.0,515.0,1.0,1.0,333.0,516.0,1.666666666666697
423,423,350995,331.0,514.0,164.0,514.0,1.0,1.0,332.0,514.6666666666666,0.4714045207910451
424,424,350996,332.0,516.0,197.0,516.0,1.0,1.0,331.6666666666667,515.0,0.3333333333333712
425,425,350997,331.0,515.0,198.0,515.0,1.0,1.0,331.3333333333333,515.0,0.3333333333333712
426,426,350998,331.0,515.0,208.0,515.0,1.0,1.0,331.3333333333333,515.3333333333334,0.6666666666666288
427,427,350999,330.0,516.0,205.0,516.0,1.0,1.0,330.6666666666667,515.3333333333334,0.4714045207910048
428,428,351000,330.0,516.0,193.0,516.0,1.0,1.0,330.3333333333333,515.6666666666666,0.6666666666667425
429,429,351001,331.0,517.0,219.0,517.0,1.0,1.0,330.3333333333333,516.3333333333334,0.0
430,430,351002,330.0,516.0,223.0,516.0,1.0,1.0,330.3333333333333,516.3333333333334,0.3333333333332575
431,431,351003,330.0,517.0,218.0,517.0,1.0,1.0,330.3333333333333,516.6666666666666,0.4714045207909647
432,432,351004,330.0,516.0,204.0,516.0,1.0,1.0,330.0,516.3333333333334,0.0
433,433,351005,330.0,516.0,213.0,516.0,1.0,1.0,330.0,516.3333333333334,0.0
434,434,351006,330.0,517.0,209.0,517.0,1.0,1.0,330.0,516.3333333333334,0.4714045207909647
435,435,351007,331.0,517.0,204.0,517.0,1.0,1.0,330.3333333333333,516.6666666666666,0.4714045207910853
436,436,351008,331.0,517.0,204.0,517.0,1.0,1.0,330.6666666666667,517.0,0.3333333333333144
437,437,351009,331.0,517.0,211.0,517.0,1.0,1.0,331.0,517.0,0.3333333333333712
438,438,351010,331.0,516.0,200.0,516.0,1.0,1.0,331.0,516.6666666666666,0.0
439,439,351011,331.0,517.0,204.0,517.0,1.0,1.0,331.0,516.6666666666666,0.3333333333333144
440,440,351012,332.0,517.0,203.0,517.0,1.0,1.0,331.3333333333333,516.6666666666666,0.4714045207910853
441,441,351013,332.0,517.0,203.0,517.0,1.0,1.0,331.6666666666667,517.0,0.3333333333333712
442,442,351014,331.0,516.0,176.0,516.0,1.0,1.0,331.6666666666667,516.6666666666666,0.0
443,443,351015,332.0,517.0,179.0,517.0,1.0,1.0,331.6666666666667,516.6666666666666,0.0
444,444,351016,332.0,517.0,169.0,517.0,1.0,1.0,331.6666666666667,516.6666666666666,0.7453559924999892
445,445,351017,332.0,518.0,178.0,518.0,1.0,1.0,332.0,517.3333333333334,0.3333333333332575
446,446,351018,332.0,518.0,178.0,518.0,1.0,1.0,332.0,517.6666666666666,0.4714045207910451
447,447,351019,331.0,518.0,186.0,518.0,1.0,1.0,331.6666666666667,518.0,0.4714045207910853
448,448,351020,331.0,517.0,198.0,517.0,1.0,1.0,331.3333333333333,517.6666666666666,0.4714045207909647
449,449,351021,331.0,517.0,255.0,517.0,1.0,1.0,331.0,517.3333333333334,0.4714045207910451
450,450,351022,332.0,517.0,245.0,517.0,1.0,1.0,331.3333333333333,517.0,0.3333333333333712
451,451,351023,331.0,516.0,192.0,516.0,1.0,1.0,331.3333333333333,516.6666666666666,0.6666666666666288
452,452,351024,331.0,515.0,267.0,515.0,1.0,1.0,331.3333333333333,516.0,3.3333333333333144
453,453,351025,322.0,517.0,285.0,517.0,1.0,1.0,328.0,516.0,4.71404520791033
454,454,351026,317.0,514.0,218.0,514.0,1.0,1.0,323.3333333333333,515.3333333333334,5.934831271588267
455,455,351027,317.0,504.0,121.0,504.0,1.0,1.0,318.6666666666667,511.6666666666667,5.333333333333371
456,456,351028,322.0,501.0,132.0,501.0,1.0,1.0,318.6666666666667,506.3333333333333,6.411794687223748
457,457,351029,326.0,497.0,138.0,497.0,1.0,1.0,321.6666666666667,500.6666666666667,5.696002496878337
458,458,351030,333.0,498.0,153.0,498.0,1.0,1.0,327.0,498.6666666666667,2.6666666666666856
459,459,351031,330.0,501.0,150.0,501.0,1.0,1.0,329.6666666666667,498.6666666666667,2.603416558635528
460,460,351032,331.0,503.0,92.0,503.0,1.0,1.0,331.3333333333333,500.6666666666667,2.687419249432824
461,461,351033,329.0,505.0,94.0,505.0,1.0,1.0,330.0,503.0,0.4714045207910048
462,462,351034,329.0,502.0,123.0,502.0,1.0,1.0,329.6666666666667,503.3333333333333,4.807401700618631
463,463,351035,339.0,491.0,403.0,491.0,1.0,1.0,332.3333333333333,499.3333333333333,10.6092203085597
464,464,351036,352.0,483.0,804.0,483.0,1.0,1.0,340.0,492.0,19.564707454438924
465,465,351037,386.0,488.0,1900.0,488.0,1.0,1.0,359.0,487.3333333333333,29.69661409805653
466,466,351038,428.0,487.0,1881.0,487.0,1.0,1.0,388.6666666666667,486.0,38.33478258130016
467,467,351039,467.0,484.0,1319.0,484.0,1.0,1.0,427.0,486.3333333333333,41.32257924616464
468,468,351040,508.0,466.0,58.0,466.0,,,467.6666666666667,479.0,49.42446537675219
469,469,351041,576.0,478.0,798.0,478.0,,,517.0,476.0,55.55877768433879
470,470,351042,633.0,469.0,1850.0,469.0,,,572.3333333333334,471.0,59.00376635812704
471,471,351043,685.0,468.0,1713.0,468.0,,,631.3333333333334,471.6666666666667,53.874339387545575
472,472,351044,735.0,449.0,1073.0,449.0,,,684.3333333333334,462.0,49.81744451271841
473,473,351045,777.0,429.0,704.0,429.0,,,732.3333333333334,448.6666666666667,49.45143521116896
474,474,351046,813.0,393.0,743.0,393.0,,,775.0,423.6666666666667,47.614190228450944
475,475,351047,837.0,349.0,498.0,349.0,,,809.0,390.3333333333333,50.85163604928442
476,476,351048,860.0,301.0,526.0,301.0,,,836.6666666666666,347.6666666666667,50.07771737786959
477,477,351049,890.0,264.0,1429.0,264.0,,,862.3333333333334,304.6666666666667,44.161320431144496
478,478,351050,901.0,233.0,1619.0,233.0,,,883.6666666666666,266.0,31.72976170376608
479,479,351051,910.0,220.0,1207.0,220.0,,,900.3333333333334,239.0,18.867962264113206
480,480,351052,920.0,216.0,1328.0,216.0,,,910.3333333333334,223.0,9.533566430716691
481,481,351053,924.0,216.0,1840.0,216.0,,,918.0,217.33333333333331,4.013864859597426
482,482,351054,919.0,228.0,1837.0,228.0,,,921.0,220.0,10.290232693622112
483,483,351055,907.0,244.0,1398.0,244.0,,,916.6666666666666,229.33333333333331,15.6240555270106
484,484,351056,898.0,255.0,1326.0,255.0,,,908.0,242.33333333333331,14.806154876341845
485,485,351057,896.0,266.0,1289.0,266.0,,,900.3333333333334,255.0,11.080513425729793
486,486,351058,898.0,276.0,1432.0,276.0,,,897.3333333333334,265.6666666666667,7.363574011458161
487,487,351059,896.0,277.0,1200.0,277.0,,,896.6666666666666,273.0,4.678556282539414
488,488,351060,895.0,280.0,988.0,280.0,,,896.3333333333334,277.6666666666667,2.108185106778908
489,489,351061,900.0,282.0,1169.0,282.0,,,897.0,279.6666666666667,5.734883511361709
490,490,351062,910.0,287.0,1400.0,287.0,,,901.6666666666666,283.0,9.219544457292889
491,491,351063,922.0,286.0,1714.0,286.0,,,910.6666666666666,285.0,10.525102269231333
492,492,351064,931.0,288.0,1602.0,288.0,,,921.0,287.0,10.04987562112089
493,493,351065,940.0,290.0,1185.0,290.0,,,931.0,288.0,7.063206700138989
494,494,351066,942.0,293.0,1277.0,293.0,,,937.6666666666666,290.3333333333333,4.630814663149954
495,495,351067,943.0,295.0,1130.0,295.0,,,941.6666666666666,292.6666666666667,5.217491947499492
496,496,351068,947.0,304.0,620.0,304.0,,,944.0,297.3333333333333,5.374838498865698
497,497,351069,950.0,307.0,764.0,307.0,,,946.6666666666666,302.0,5.077182070575956
498,498,351070,949.0,309.0,496.0,309.0,2.0,1.0,948.6666666666666,306.6666666666667,0.9428090415821304
499,499,351071,949.0,302.0,894.0,302.0,2.0,1.0,949.3333333333334,306.0,1.3743685418725444
500,500,351072,949.0,303.0,988.0,303.0,2.0,1.0,949.0,304.6666666666667,3.0731814857643243
501,501,351073,956.0,303.0,1022.0,303.0,2.0,1.0,951.3333333333334,302.6666666666667,1.0
502,502,351074,949.0,305.0,1004.0,305.0,2.0,1.0,951.3333333333334,303.6666666666667,1.0
503,503,351075,949.0,306.0,1009.0,306.0,2.0,1.0,951.3333333333334,304.6666666666667,1.6996731711976654
504,504,351076,951.0,304.0,1014.0,304.0,2.0,1.0,949.6666666666666,305.0,1.0
505,505,351077,952.0,305.0,1047.0,305.0,2.0,1.0,950.6666666666666,305.0,0.7453559924999892
506,506,351078,951.0,305.0,998.0,305.0,2.0,1.0,951.3333333333334,304.6666666666667,0.6666666666666288
507,507,351079,951.0,306.0,991.0,306.0,2.0,1.0,951.3333333333334,305.3333333333333,0.7453559925000147
508,508,351080,950.0,306.0,994.0,306.0,2.0,1.0,950.6666666666666,305.6666666666667,0.4714045207909647
509,509,351081,950.0,306.0,1009.0,306.0,2.0,1.0,950.3333333333334,306.0,0.3333333333333712
510,510,351082,950.0,306.0,1018.0,306.0,2.0,1.0,950.0,306.0,0.3333333333333144
511,511,351083,950.0,305.0,1026.0,305.0,2.0,1.0,950.0,305.6666666666667,0.4714045207910451
512,512,351084,951.0,307.0,991.0,307.0,2.0,1.0,950.3333333333334,306.0,0.4714045207909647
513,513,351085,951.0,307.0,939.0,307.0,2.0,1.0,950.6666666666666,306.3333333333333,0.6666666666666856
514,514,351086,950.0,307.0,988.0,307.0,2.0,1.0,950.6666666666666,307.0,2.027587510099403
515,515,351087,957.0,306.0,972.0,306.0,2.0,1.0,952.6666666666666,306.6666666666667,1.7950549357115788
516,516,351088,956.0,305.0,972.0,305.0,2.0,1.0,954.3333333333334,306.0,0.4714045207910451
517,517,351089,949.0,306.0,987.0,306.0,2.0,1.0,954.0,305.6666666666667,0.4714045207910853
518,518,351090,956.0,305.0,936.0,305.0,2.0,1.0,953.6666666666666,305.3333333333333,0.6666666666666856
519,519,351091,956.0,307.0,885.0,307.0,2.0,1.0,953.6666666666666,306.0,0.7453559924999638
520,520,351092,950.0,308.0,765.0,308.0,2.0,1.0,954.0,306.6666666666667,0.3333333333333712
521,521,351093,955.0,305.0,802.0,305.0,2.0,1.0,953.6666666666666,306.6666666666667,0.7453559924999129
522,522,351094,955.0,305.0,788.0,305.0,2.0,1.0,953.3333333333334,306.0,1.943650631615068
523,523,351095,955.0,305.0,906.0,305.0,2.0,1.0,955.0,305.0,0.3333333333333144
524,524,351096,955.0,306.0,923.0,306.0,2.0,1.0,955.0,305.3333333333333,0.3333333333333712
525,525,351097,955.0,306.0,929.0,306.0,2.0,1.0,955.0,305.6666666666667,0.3333333333333712
526,526,351098,954.0,305.0,1048.0,305.0,2.0,1.0,954.6666666666666,305.6666666666667,0.7453559924999129
527,527,351099,954.0,304.0,877.0,304.0,2.0,1.0,954.3333333333334,305.0,0.7453559924999638
528,528,351100,954.0,304.0,828.0,304.0,2.0,1.0,954.0,304.3333333333333,0.7453559924999129
529,529,351101,953.0,303.0,760.0,303.0,2.0,1.0,953.6666666666666,303.6666666666667,0.3333333333332575
530,530,351102,953.0,304.0,812.0,304.0,2.0,1.0,953.3333333333334,303.6666666666667,0.6666666666667425
531,531,351103,952.0,304.0,727.0,304.0,2.0,1.0,952.6666666666666,303.6666666666667,1.0540925533894718
532,532,351104,954.0,306.0,909.0,306.0,2.0,1.0,953.0,304.6666666666667,0.6666666666666288
533,533,351105,953.0,306.0,875.0,306.0,2.0,1.0,953.0,305.3333333333333,0.94280904158205
534,534,351106,954.0,306.0,875.0,306.0,2.0,1.0,953.6666666666666,306.0,0.3333333333333144
535,535,351107,954.0,307.0,899.0,307.0,2.0,1.0,953.6666666666666,306.3333333333333,0.4714045207910853
536,536,351108,954.0,307.0,894.0,307.0,2.0,1.0,954.0,306.6666666666667,1.6666666666666288
537,537,351109,949.0,306.0,920.0,306.0,2.0,1.0,952.3333333333334,306.6666666666667,0.3333333333332575
538,538,351110,955.0,307.0,655.0,307.0,2.0,1.0,952.6666666666666,306.6666666666667,0.3333333333333144
539,539,351111,954.0,308.0,546.0,308.0,2.0,1.0,952.6666666666666,307.0,2.134374745810988
540,540,351112,953.0,311.0,563.0,311.0,2.0,1.0,954.0,308.6666666666667,1.3743685418725444
541,541,351113,954.0,311.0,540.0,311.0,2.0,1.0,953.6666666666666,310.0,0.3333333333333712
542,542,351114,955.0,308.0,538.0,308.0,2.0,1.0,954.0,310.0,1.201850425154642
543,543,351115,955.0,308.0,609.0,308.0,2.0,1.0,954.6666666666666,309.0,0.4714045207909647
544,544,351116,953.0,312.0,638.0,312.0,2.0,1.0,954.3333333333334,309.3333333333333,1.3743685418725995
545,545,351117,954.0,312.0,656.0,312.0,2.0,1.0,954.0,310.6666666666667,1.3743685418725444
546,546,351118,954.0,312.0,661.0,312.0,2.0,1.0,953.6666666666666,312.0,0.3333333333333712
547,547,351119,954.0,312.0,682.0,312.0,2.0,1.0,954.0,312.0,0.4714045207910451
548,548,351120,955.0,313.0,561.0,313.0,2.0,1.0,954.3333333333334,312.3333333333333,0.0
549,549,351121,954.0,312.0,455.0,312.0,2.0,1.0,954.3333333333334,312.3333333333333,1.0540925533894538
550,550,351122,957.0,311.0,520.0,311.0,2.0,1.0,955.3333333333334,312.0,0.0
551,551,351123,955.0,313.0,493.0,313.0,2.0,1.0,955.3333333333334,312.0,0.4714045207909647
552,552,351124,955.0,313.0,604.0,313.0,2.0,1.0,955.6666666666666,312.3333333333333,0.7453559924999129
553,553,351125,956.0,313.0,639.0,313.0,2.0,1.0,955.3333333333334,313.0,0.4714045207909647
554,554,351126,956.0,314.0,689.0,314.0,2.0,1.0,955.6666666666666,313.3333333333333,0.4714045207910853
555,555,351127,956.0,314.0,649.0,314.0,2.0,1.0,956.0,313.6666666666667,0.0
556,556,351128,956.0,313.0,649.0,313.0,2.0,1.0,956.0,313.6666666666667,0.3333333333333712
557,557,351129,956.0,313.0,647.0,313.0,2.0,1.0,956.0,313.3333333333333,0.6666666666666288
558,558,351130,956.0,312.0,605.0,312.0,2.0,1.0,956.0,312.6666666666667,0.0
559,559,351131,956.0,313.0,514.0,313.0,2.0,1.0,956.0,312.6666666666667,0.3333333333333712
560,560,351132,956.0,312.0,441.0,312.0,2.0,1.0,956.0,312.3333333333333,0.4714045207910853
561,561,351133,957.0,313.0,472.0,313.0,2.0,1.0,956.3333333333334,312.6666666666667,1.0540925533894718
562,562,351134,959.0,312.0,576.0,312.0,2.0,1.0,957.3333333333334,312.3333333333333,1.0
563,563,351135,959.0,312.0,518.0,312.0,2.0,1.0,958.3333333333334,312.3333333333333,0.7453559924998875
564,564,351136,959.0,312.0,552.0,312.0,2.0,1.0,959.0,312.0,0.0
565,565,351137,959.0,312.0,483.0,312.0,2.0,1.0,959.0,312.0,0.4714045207910451
566,566,351138,958.0,313.0,436.0,313.0,2.0,1.0,958.6666666666666,312.3333333333333,0.0
567,567,351139,959.0,312.0,465.0,312.0,2.0,1.0,958.6666666666666,312.3333333333333,0.3333333333332575
568,568,351140,958.0,312.0,472.0,312.0,2.0,1.0,958.3333333333334,312.3333333333333,0.4714045207909647
569,569,351141,959.0,312.0,452.0,312.0,2.0,1.0,958.6666666666666,312.0,0.3333333333333712
570,570,351142,960.0,312.0,459.0,312.0,2.0,1.0,959.0,312.0,0.6666666666666288
571,571,351143,960.0,312.0,462.0,312.0,2.0,1.0,959.6666666666666,312.0,0.3333333333333712
572,572,351144,960.0,312.0,457.0,312.0,2.0,1.0,960.0,312.0,0.3333333333333712
573,573,351145,959.0,312.0,431.0,312.0,2.0,1.0,959.6666666666666,312.0,0.3333333333332575
574,574,351146,959.0,312.0,391.0,312.0,2.0,1.0,959.3333333333334,312.0,0.9428090415821304
575,575,351147,958.0,314.0,397.0,314.0,2.0,1.0,958.6666666666666,312.6666666666667,1.0540925533894718
576,576,351148,960.0,315.0,456.0,315.0,2.0,1.0,959.0,313.6666666666667,1.0540925533894718
577,577,351149,960.0,315.0,469.0,315.0,2.0,1.0,959.3333333333334,314.6666666666667,1.201850425154642
578,578,351150,961.0,316.0,498.0,316.0,2.0,1.0,960.3333333333334,315.3333333333333,0.94280904158205
579,579,351151,962.0,317.0,475.0,317.0,2.0,1.0,961.0,316.0,0.7453559924998875
580,580,351152,962.0,316.0,441.0,316.0,2.0,1.0,961.6666666666666,316.3333333333333,0.4714045207910451
581,581,351153,962.0,315.0,413.0,315.0,2.0,1.0,962.0,316.0,0.6666666666666856
582,582,351154,962.0,315.0,402.0,315.0,2.0,1.0,962.0,315.3333333333333,0.4714045207910451
583,583,351155,961.0,315.0,393.0,315.0,2.0,1.0,961.6666666666666,315.0,0.3333333333332575
584,584,351156,961.0,315.0,409.0,315.0,2.0,1.0,961.3333333333334,315.0,0.0
585,585,351157,962.0,315.0,390.0,315.0,2.0,1.0,961.3333333333334,315.0,0.3333333333333144
586,586,351158,961.0,316.0,323.0,316.0,2.0,1.0,961.3333333333334,315.3333333333333,0.3333333333332575
587,587,351159,962.0,315.0,396.0,315.0,2.0,1.0,961.6666666666666,315.3333333333333,0.4714045207910048
588,588,351160,961.0,316.0,292.0,316.0,2.0,1.0,961.3333333333334,315.6666666666667,0.3333333333333712
589,589,351161,960.0,316.0,300.0,316.0,2.0,1.0,961.0,315.6666666666667,0.3333333333333712
590,590,351162,961.0,315.0,305.0,315.0,2.0,1.0,960.6666666666666,315.6666666666667,1.3743685418724891
591,591,351163,957.0,315.0,415.0,315.0,2.0,1.0,959.3333333333334,315.3333333333333,0.4714045207910048
592,592,351164,961.0,317.0,267.0,317.0,2.0,1.0,959.6666666666666,315.6666666666667,0.7453559924999129
593,593,351165,962.0,317.0,208.0,317.0,2.0,1.0,960.0,316.3333333333333,1.943650631615068
594,594,351166,962.0,318.0,143.0,318.0,2.0,1.0,961.6666666666666,317.3333333333333,1.2018504251546736
595,595,351167,964.0,319.0,106.0,319.0,2.0,1.0,962.6666666666666,318.0,3.144660377352276
596,596,351168,970.0,322.0,46.0,322.0,2.0,1.0,965.3333333333334,319.6666666666667,2.6874192494327747
597,597,351169,969.0,322.0,60.0,322.0,2.0,1.0,967.6666666666666,321.0,2.108185106778925
598,598,351170,970.0,321.0,65.0,321.0,2.0,1.0,969.6666666666666,321.6666666666667,0.7453559925000147
599,599,351171,972.0,321.0,55.0,321.0,2.0,1.0,970.3333333333334,321.3333333333333,1.3743685418724754
600,600,351172,973.0,321.0,46.0,321.0,2.0,1.0,971.6666666666666,321.0,1.3743685418725855
601,601,351173,974.0,320.0,39.0,320.0,2.0,1.0,973.0,320.6666666666667,1.3743685418725995
602,602,351174,976.0,320.0,55.0,320.0,2.0,1.0,974.3333333333334,320.3333333333333,1.6666666666666288
603,603,351175,978.0,321.0,45.0,321.0,2.0,1.0,976.0,320.3333333333333,1.0540925533894718
604,604,351176,977.0,321.0,51.0,321.0,2.0,1.0,977.0,320.6666666666667,0.7453559924998875
605,605,351177,978.0,321.0,55.0,321.0,2.0,1.0,977.6666666666666,321.0,0.0
606,606,351178,978.0,321.0,51.0,321.0,2.0,1.0,977.6666666666666,321.0,0.3333333333333712
607,607,351179,978.0,321.0,59.0,321.0,2.0,1.0,978.0,321.0,0.3333333333333144
608,608,351180,978.0,320.0,48.0,320.0,2.0,1.0,978.0,320.6666666666667,0.3333333333333712
609,609,351181,978.0,320.0,55.0,320.0,2.0,1.0,978.0,320.3333333333333,0.0
610,610,351182,978.0,321.0,48.0,321.0,2.0,1.0,978.0,320.3333333333333,0.4714045207910853
611,611,351183,979.0,321.0,59.0,321.0,2.0,1.0,978.3333333333334,320.6666666666667,0.7453559924998875
612,612,351184,980.0,321.0,68.0,321.0,2.0,1.0,979.0,321.0,0.4714045207910451
613,613,351185,979.0,322.0,58.0,322.0,2.0,1.0,979.3333333333334,321.3333333333333,0.3333333333333712
614,614,351186,979.0,322.0,65.0,322.0,2.0,1.0,979.3333333333334,321.6666666666667,0.3333333333333712
615,615,351187,979.0,321.0,59.0,321.0,2.0,1.0,979.0,321.6666666666667,0.4714045207910853
616,616,351188,978.0,321.0,65.0,321.0,2.0,1.0,978.6666666666666,321.3333333333333,0.3333333333333144
617,617,351189,979.0,321.0,53.0,321.0,2.0,1.0,978.6666666666666,321.0,0.4714045207909647
618,618,351190,978.0,322.0,53.0,322.0,2.0,1.0,978.3333333333334,321.3333333333333,0.3333333333333712
619,619,351191,978.0,322.0,53.0,322.0,2.0,1.0,978.3333333333334,321.6666666666667,0.4714045207910451
620,620,351192,978.0,322.0,53.0,322.0,2.0,1.0,978.0,322.0,0.4714045207910451
621,621,351193,979.0,321.0,49.0,321.0,2.0,1.0,978.3333333333334,321.6666666666667,0.4714045207910048
622,622,351194,979.0,321.0,65.0,321.0,2.0,1.0,978.6666666666666,321.3333333333333,0.4714045207910451
623,623,351195,979.0,321.0,60.0,321.0,2.0,1.0,979.0,321.0,0.4714045207910451
624,624,351196,980.0,322.0,60.0,322.0,2.0,1.0,979.3333333333334,321.3333333333333,0.4714045207910048
625,625,351197,980.0,322.0,60.0,322.0,2.0,1.0,979.6666666666666,321.6666666666667,0.4714045207910451
626,626,351198,980.0,322.0,65.0,322.0,2.0,1.0,980.0,322.0,0.3333333333333712
627,627,351199,979.0,322.0,65.0,322.0,2.0,1.0,979.6666666666666,322.0,0.0
628,628,351200,980.0,322.0,75.0,322.0,2.0,1.0,979.6666666666666,322.0,0.0
629,629,351201,980.0,322.0,71.0,322.0,2.0,1.0,979.6666666666666,322.0,0.3333333333333712
630,630,351202,980.0,322.0,71.0,322.0,2.0,1.0,980.0,322.0,0.0
631,631,351203,980.0,322.0,69.0,322.0,2.0,1.0,980.0,322.0,0.0
632,632,351204,980.0,322.0,65.0,322.0,2.0,1.0,980.0,322.0,0.0
633,633,351205,980.0,322.0,64.0,322.0,2.0,1.0,980.0,322.0,0.0
634,634,351206,980.0,322.0,65.0,322.0,2.0,1.0,980.0,322.0,0.0
635,635,351207,980.0,322.0,65.0,322.0,2.0,1.0,980.0,322.0,0.0
636,636,351208,980.0,322.0,65.0,322.0,2.0,1.0,980.0,322.0,0.0
637,637,351209,980.0,322.0,65.0,322.0,2.0,1.0,980.0,322.0,0.0
638,638,351210,980.0,322.0,64.0,322.0,2.0,1.0,980.0,322.0,1.0540925533894718
639,639,351211,981.0,319.0,59.0,319.0,2.0,1.0,980.3333333333334,321.0,1.374368541872517
640,640,351212,981.0,318.0,52.0,318.0,2.0,1.0,980.6666666666666,319.6666666666667,1.699673171197621
641,641,351213,981.0,317.0,43.0,317.0,2.0,1.0,981.0,318.0,1.3333333333333144
642,642,351214,981.0,315.0,42.0,315.0,2.0,1.0,981.0,316.6666666666667,1.0
643,643,351215,981.0,315.0,33.0,315.0,2.0,1.0,981.0,315.6666666666667,0.0
644,644,351216,981.0,317.0,66.0,317.0,2.0,1.0,981.0,315.6666666666667,0.0
645,645,351217,981.0,315.0,59.0,315.0,2.0,1.0,981.0,315.6666666666667,0.3333333333333712
646,646,351218,980.0,315.0,63.0,315.0,2.0,1.0,980.6666666666666,315.6666666666667,1.201850425154642
647,647,351219,979.0,314.0,67.0,314.0,2.0,1.0,980.0,314.6666666666667,0.94280904158205
648,648,351220,979.0,313.0,72.0,313.0,2.0,1.0,979.3333333333334,314.0,0.6666666666666856
649,649,351221,980.0,313.0,57.0,313.0,2.0,1.0,979.3333333333334,313.3333333333333,0.3333333333332575
650,650,351222,980.0,314.0,61.0,314.0,2.0,1.0,979.6666666666666,313.3333333333333,0.6666666666667425
651,651,351223,981.0,313.0,63.0,313.0,2.0,1.0,980.3333333333334,313.3333333333333,0.0
652,652,351224,980.0,313.0,60.0,313.0,2.0,1.0,980.3333333333334,313.3333333333333,0.7453559924998622
653,653,351225,981.0,312.0,60.0,312.0,2.0,1.0,980.6666666666666,312.6666666666667,0.3333333333333712
654,654,351226,981.0,312.0,49.0,312.0,2.0,1.0,980.6666666666666,312.3333333333333,0.3333333333333712
655,655,351227,981.0,313.0,49.0,313.0,2.0,1.0,981.0,312.3333333333333,0.3333333333333712
656,656,351228,981.0,313.0,53.0,313.0,2.0,1.0,981.0,312.6666666666667,0.3333333333333712
657,657,351229,980.0,312.0,54.0,312.0,2.0,1.0,980.6666666666666,312.6666666666667,0.3333333333333712
658,658,351230,981.0,312.0,34.0,312.0,2.0,1.0,980.6666666666666,312.3333333333333,0.3333333333333144
659,659,351231,981.0,312.0,40.0,312.0,2.0,1.0,980.6666666666666,312.0,0.0
660,660,351232,980.0,312.0,37.0,312.0,2.0,1.0,980.6666666666666,312.0,0.3333333333332575
661,661,351233,980.0,312.0,41.0,312.0,2.0,1.0,980.3333333333334,312.0,0.3333333333333712
662,662,351234,980.0,312.0,42.0,312.0,2.0,1.0,980.0,312.0,0.0
663,663,351235,980.0,312.0,47.0,312.0,2.0,1.0,980.0,312.0,0.3333333333333712
664,664,351236,979.0,312.0,43.0,312.0,2.0,1.0,979.6666666666666,312.0,0.0
665,665,351237,980.0,312.0,36.0,312.0,2.0,1.0,979.6666666666666,312.0,0.0
666,666,351238,980.0,312.0,40.0,312.0,2.0,1.0,979.6666666666666,312.0,0.3333333333333712
667,667,351239,980.0,312.0,40.0,312.0,2.0,1.0,980.0,312.0,1.2018504251546736
668,668,351240,977.0,314.0,92.0,314.0,2.0,1.0,979.0,312.6666666666667,1.201850425154642
669,669,351241,977.0,314.0,92.0,314.0,2.0,1.0,978.0,313.3333333333333,1.0540925533894718
670,670,351242,977.0,313.0,81.0,313.0,2.0,1.0,977.0,313.6666666666667,0.3333333333333712
671,671,351243,977.0,313.0,94.0,313.0,2.0,1.0,977.0,313.3333333333333,0.9428090415820096
672,672,351244,979.0,312.0,66.0,312.0,2.0,1.0,977.6666666666666,312.6666666666667,0.7453559925000147
673,673,351245,979.0,312.0,66.0,312.0,2.0,1.0,978.3333333333334,312.3333333333333,0.6666666666666288
674,674,351246,979.0,313.0,57.0,313.0,2.0,1.0,979.0,312.3333333333333,0.94280904158205
675,675,351247,977.0,314.0,74.0,314.0,2.0,1.0,978.3333333333334,313.0,0.7453559924999129
676,676,351248,980.0,310.0,40.0,310.0,2.0,1.0,978.6666666666666,312.3333333333333,1.201850425154642
677,677,351249,977.0,310.0,69.0,310.0,2.0,1.0,978.0,311.3333333333333,1.0540925533894718
678,678,351250,976.0,311.0,86.0,311.0,2.0,1.0,977.6666666666666,310.3333333333333,1.3333333333332575
679,679,351251,976.0,310.0,81.0,310.0,2.0,1.0,976.3333333333334,310.3333333333333,0.7453559925000147
680,680,351252,975.0,311.0,73.0,311.0,2.0,1.0,975.6666666666666,310.6666666666667,0.3333333333332575
681,681,351253,975.0,311.0,75.0,311.0,2.0,1.0,975.3333333333334,310.6666666666667,0.6666666666666288
682,682,351254,976.0,312.0,99.0,312.0,2.0,1.0,975.3333333333334,311.3333333333333,0.3333333333332575
683,683,351255,976.0,311.0,103.0,311.0,2.0,1.0,975.6666666666666,311.3333333333333,0.3333333333333712
684,684,351256,975.0,312.0,85.0,312.0,2.0,1.0,975.6666666666666,311.6666666666667,0.0
685,685,351257,976.0,312.0,94.0,312.0,2.0,1.0,975.6666666666666,311.6666666666667,0.4714045207909647
686,686,351258,975.0,312.0,85.0,312.0,2.0,1.0,975.3333333333334,312.0,0.4714045207909647
687,687,351259,976.0,311.0,73.0,311.0,2.0,1.0,975.6666666666666,311.6666666666667,0.4714045207910048
688,688,351260,975.0,311.0,73.0,311.0,2.0,1.0,975.3333333333334,311.3333333333333,0.6666666666666288
689,689,351261,975.0,310.0,83.0,310.0,2.0,1.0,975.3333333333334,310.6666666666667,0.3333333333333712
690,690,351262,975.0,311.0,83.0,311.0,2.0,1.0,975.0,310.6666666666667,0.3333333333333712
691,691,351263,976.0,311.0,97.0,311.0,2.0,1.0,975.3333333333334,310.6666666666667,0.4714045207909647
692,692,351264,976.0,311.0,98.0,311.0,2.0,1.0,975.6666666666666,311.0,0.4714045207910451
693,693,351265,976.0,312.0,99.0,312.0,2.0,1.0,976.0,311.3333333333333,0.3333333333333712
694,694,351266,976.0,312.0,91.0,312.0,2.0,1.0,976.0,311.6666666666667,0.3333333333333712
695,695,351267,975.0,311.0,101.0,311.0,2.0,1.0,975.6666666666666,311.6666666666667,0.4714045207910048
696,696,351268,975.0,311.0,97.0,311.0,2.0,1.0,975.3333333333334,311.3333333333333,0.3333333333333144
697,697,351269,976.0,311.0,79.0,311.0,2.0,1.0,975.3333333333334,311.0,1.0
698,698,351270,978.0,311.0,90.0,311.0,2.0,1.0,976.3333333333334,311.0,1.3333333333332575
699,699,351271,979.0,311.0,105.0,311.0,2.0,1.0,977.6666666666666,311.0,2.23606797749979
700,700,351272,982.0,308.0,34.0,308.0,2.0,1.0,979.6666666666666,310.0,1.666666666666697
701,701,351273,982.0,308.0,25.0,308.0,2.0,1.0,981.0,309.0,1.201850425154642
702,702,351274,981.0,308.0,28.0,308.0,2.0,1.0,981.6666666666666,308.0,0.0
703,703,351275,982.0,308.0,23.0,308.0,2.0,1.0,981.6666666666666,308.0,0.3333333333333144
704,704,351276,982.0,307.0,89.0,307.0,2.0,1.0,981.6666666666666,307.6666666666667,1.4907119849999022
705,705,351277,985.0,306.0,142.0,306.0,2.0,1.0,983.0,307.0,2.108185106778925
706,706,351278,988.0,306.0,207.0,306.0,2.0,1.0,985.0,306.3333333333333,3.681787005729052
707,707,351279,993.0,308.0,150.0,308.0,2.0,1.0,988.6666666666666,306.6666666666667,7.007932013876247
708,708,351280,1004.0,315.0,150.0,315.0,2.0,1.0,995.0,309.6666666666667,7.601169500660896
709,709,351281,1006.0,320.0,302.0,320.0,2.0,1.0,1001.0,314.3333333333333,6.59966329107443
710,710,351282,1007.0,322.0,389.0,322.0,2.0,1.0,1005.6666666666666,319.0,2.426703296426842
711,711,351283,1006.0,322.0,344.0,322.0,2.0,1.0,1006.3333333333334,321.3333333333333,1.0540925533894718
712,712,351284,1005.0,323.0,270.0,323.0,2.0,1.0,1006.0,322.3333333333333,2.108185106778925
713,713,351285,1001.0,324.0,279.0,324.0,2.0,1.0,1004.0,323.0,1.7950549357114731
714,714,351286,1001.0,324.0,307.0,324.0,2.0,1.0,1002.3333333333334,323.6666666666667,1.0540925533894538
715,715,351287,1002.0,324.0,315.0,324.0,2.0,1.0,1001.3333333333334,324.0,0.6666666666666288
716,716,351288,1003.0,324.0,366.0,324.0,2.0,1.0,1002.0,324.0,3.3333333333333712
717,717,351289,1011.0,324.0,772.0,324.0,2.0,1.0,1005.3333333333334,324.0,8.027729719194861
718,718,351290,1004.0,348.0,1290.0,348.0,,,1006.0,332.0,16.549588783075187
719,719,351291,995.0,373.0,1181.0,373.0,,,1003.3333333333334,348.3333333333333,30.554141381416013
720,720,351292,1000.0,415.0,959.0,415.0,,,999.6666666666666,378.6666666666667,33.54101966249684
721,721,351293,1022.0,447.0,837.0,447.0,,,1005.6666666666666,411.6666666666667,39.477138250441136
722,722,351294,1060.0,472.0,819.0,472.0,,,1027.3333333333333,444.6666666666667,43.72896319628711
723,723,351295,1109.0,488.0,741.0,488.0,,,1063.6666666666667,469.0,48.70090120087893
724,724,351296,1161.0,492.0,1154.0,492.0,,,1110.0,484.0,54.87156721735658
725,725,351297,1223.0,495.0,1504.0,495.0,,,1164.3333333333333,491.6666666666667,58.54722690083448
726,726,351298,1284.0,503.0,1317.0,503.0,,,1222.6666666666667,496.6666666666667,62.025980219761166
727,727,351299,1346.0,512.0,1103.0,512.0,,,1284.3333333333333,503.3333333333333,66.37435917246634
728,728,351300,1420.0,524.0,1572.0,524.0,,,1350.0,513.0,67.98692684790389
729,729,351301,1484.0,543.0,985.0,543.0,,,1416.6666666666667,526.3333333333334,72.92080940612522
730,730,351302,1550.0,591.0,1396.0,591.0,,,1484.6666666666667,552.6666666666666,81.19660638776027
731,731,351303,1626.0,654.0,984.0,654.0,,,1553.3333333333333,596.0,94.38102445819176
732,732,351304,1705.0,720.0,1389.0,720.0,,,1627.0,655.0,103.23274674249446
733,733,351305,1793.0,783.0,1173.0,783.0,,,1708.0,719.0,95.35431004650204
734,734,351306,1872.0,800.0,1815.0,800.0,,,1790.0,767.6666666666666,48.726561316983776
