nframe,x0,y0
0,780.0,362.0
1,780.5763250505463,356.278533077637
2,784.7178606478885,363.5022600439905
3,784.7187773805479,363.5031767766497
4,784.718395519528,363.50279491562986
5,784.7171070188489,363.5015064149507
6,784.7185400480449,363.5029394441468
7,784.7195334754457,363.5039328715476
8,784.7203926116284,363.5047920077304
9,788.307709743054,359.9544259086136
10,795.7801962158663,355.9138983771035
11,795.3153183773735,353.19859201293457
12,795.2669602204826,351.96855901742015
13,792.8452463559403,351.37156954622077
14,792.8440809196948,351.3704041099752
15,792.8456734421802,351.3719966324607
16,792.8464004149836,351.372723605264
17,792.848184634702,351.3745078249824
18,793.0489186411135,352.0003685570054
19,793.0479999441504,351.9994498600424
20,793.7528787278335,352.1148319159702
21,794.3167624726824,353.43399837783585
22,794.3185084729935,353.435744378147
23,793.6147872542147,353.164483832303
24,793.6376914766827,352.5128257165188
25,792.4622555732519,351.96348864524623
26,793.9084062132911,353.6185294215351
27,793.9106452627656,353.62076847100957
28,793.9109919454553,353.6211151536993
29,793.9122375404331,353.6223607486772
30,793.9135134922158,353.62363670045977
31,793.0715043140348,354.05366075974837
32,793.2130699646511,354.5491397319141
33,792.191885257414,353.95340292192
34,792.8103750421117,353.9938313362986
35,792.8083648559119,353.9918211500988
36,792.901229706761,353.76542898892956
37,793.2926519846576,353.68904145535765
38,793.227578073785,353.94525300239803
39,793.2734022491127,355.19734375813346
40,794.599587755723,355.990033398669
41,794.7100629739344,355.59296278164203
42,794.7100453161471,355.7983505005663
43,794.7095090160905,355.79781420050966
44,794.7077054312481,355.7960106156673
45,794.7089708632346,355.79727604765384
46,804.3576800373534,357.3994189863647
47,807.9057868375173,354.3853698153822
48,805.6880278026185,355.0386579691292
49,804.0075520874249,355.1748826944447
50,805.2784250194236,349.61372788862064
51,804.8490082572845,352.6362162661966
52,802.8726885416244,348.8669869700335
53,802.8770927059398,349.3099496577307
54,802.1598523111586,349.96094402109014
55,802.4669659365857,349.9047406152807
56,801.9514154574824,350.2069109270621
57,801.424581027169,348.9818677256376
58,801.1011047964224,349.01165469211753
59,800.5806800226496,349.37099064644747
60,800.5802175003199,349.3705281241178
61,800.579941581633,349.37025220543086
62,801.1150088310379,350.2617456431786
63,802.1095155291843,349.81460422836733
64,801.2678875748379,349.5579387866134
65,801.798277456149,349.975655236055
66,802.7537064534836,349.7922430039845
67,802.2484233798909,349.1599909112334
68,801.6161378873798,350.00288428958993
69,802.5936592728906,350.55429845968484
70,803.1202033313933,351.279646035228
71,802.8862217722263,351.7324676682164
72,804.1103285109091,351.0850748553402
73,804.9617434662457,351.1109821917276
74,804.6748216884881,351.20111110115585
75,804.8573700052459,350.50557495749973
76,805.3010381967667,349.67736544635255
77,804.2433094659712,349.8779083838955
78,805.5862040014846,349.84196757579866
79,805.2636984690415,349.7901639294981
80,803.2635263584626,351.9264952332709
81,801.9240297197746,351.86614576844016
82,801.8134491413336,352.4189137755667
83,802.0613381283413,351.7239024413102
84,802.0576851708984,351.7202494838673
85,802.0583393784199,351.72090369138874
86,802.0590841738062,351.72164848677517
87,802.0566216066128,351.7191859195817
88,802.0577742596485,351.7203385726174
89,802.054003920987,351.71656823395597
90,803.3624855788651,352.69364748034553
91,804.3759273505224,351.76275301642795
92,804.375130387607,351.7619560535126
93,804.3756578910657,351.7624835569712
94,804.3728716791811,351.75969734508664
95,803.4059154922719,352.56039191739796
96,804.6527938998207,352.8780591106267
97,804.01415596403,354.102343005179
98,804.0192712807444,354.10745832189343
99,804.0224196974596,354.11060673860857
100,804.1997856972521,351.78115561167425
101,814.2033312381237,350.7106263071937
102,815.4740661755156,345.55144916252726
103,815.4961602853873,344.42330866644187
104,818.2928327840102,344.52227767975495
105,826.8696517423983,340.27767905130787
106,829.1877446982273,339.11624010814324
107,841.0064580324581,345.25006789747084
108,856.1430088163137,365.722417507979
109,854.8658854079117,366.1318386991721
110,854.0352329089558,366.0823767537667
111,853.9552219735759,365.3017720784222
112,853.9159249591504,365.3110387009652
113,853.8767510031407,366.2830713986309
114,853.5542341955754,367.00682715702857
115,853.7193603835574,367.28620236440145
116,852.8096842790263,366.6228384642673
117,852.6063428213249,367.2009357113701
118,852.6058312271282,367.20042411717344
119,850.8339506313057,366.92100958256236
120,852.0392851729326,366.538102772897
121,851.2216629425711,366.5318736238062
122,851.6089850491298,365.892311417293
123,851.6122834819961,365.89560985015936
124,852.3129242433325,365.9969302582724
125,852.311955488662,365.9959615036019
126,852.3115688863043,365.99557490124414
127,852.3106865090274,365.9946925239672
128,852.3129718527707,365.99697786771054
129,852.1858876290254,367.0926709374605
130,852.1853969596359,367.09218026807105
131,852.1858740829604,367.09265739139545
132,852.1853647736463,367.0921480820814
133,851.8052778150843,366.84658568938784
134,851.4984554305195,366.1985135610263
135,851.498345505789,366.1984036362958
136,851.757160478248,365.58713756547866
137,850.0164974168431,364.7213476740051
138,848.8604194627153,363.16617148699646
139,848.5167619962565,363.76288296401566
140,849.3457055493645,363.6940671697233
141,849.4042464288864,361.99267224671996
142,849.4037070750251,361.99213289285876
143,849.4028053834451,361.99123120127865
144,849.4048889545554,361.99331477238906
145,849.5721595937459,361.7729367414472
146,850.1685110761175,363.34817004866386
147,849.8566324436216,363.32332319094337
148,851.2041784078078,363.60240876375656
149,851.2037690437139,363.60199939966265
150,849.5846512631693,366.6135117977648
151,855.2123260297833,332.27998246872727
152,850.8676905745295,345.9213032396446
153,821.9347015565805,383.60055982456555
154,810.805342667347,369.04520330857576
155,807.4677830822196,406.003417780296
156,751.6444640327629,449.4938588722576
157,777.5162903243981,444.3721617256751
158,783.6711090086412,446.69973679818605
159,781.820741187,444.65414814248726
160,781.8190707982599,444.6524777537471
161,781.8176724268006,444.651079382288
162,781.8153014307262,444.6487083862135
163,781.8137523682221,444.64715932370945
164,783.0043080891367,445.322110004275
165,782.8330607571384,445.50624059125
166,783.4402988445624,446.4582372009224
167,783.4420368228544,446.4599751792144
168,783.4421357420118,446.4600740983717
169,783.9482472643385,446.28871656531834
170,783.9490841085028,446.28955340948255
171,783.9513473648137,446.2918166657935
172,783.9482466667665,446.28871596774627
173,783.947434550582,446.2879038515618
174,783.9476118249287,446.2880811259085
175,784.2029420611336,446.9209169882815
176,784.2033761433602,446.92135107050797
177,774.2910286043157,444.9183221032191
178,775.8627483142728,447.4732062125864
179,775.4958490449295,442.56356017106657
180,775.2752036244252,434.4806602768874
181,774.8399836327528,433.4867389654167
182,769.6850981057536,430.7926049817754
183,773.6124956032369,431.27193862688347
184,779.8474846330195,430.33909812567464
185,785.5344700919134,441.3264777033346
186,783.9691853068774,436.24252556190487
187,779.0784255741261,443.67615491747654
188,780.5283647990905,436.41980802438434
189,777.4447481367024,434.4058265907771
190,773.2572114104103,431.8609930602146
191,774.5572526201762,419.12985452363625
192,778.7541026657568,400.4261855120484
193,771.0429173907335,408.76634682942876
194,755.1612038742065,389.2265597101625
195,699.6968806015998,429.64653024149516
196,716.5843666066053,443.76987635840345
197,705.2244523567812,384.3435006649236
198,695.9301369326511,366.21046741852297
199,725.4608260799416,373.0458795451238
200,741.6224156721619,375.4111310426265
201,757.0259091320121,393.86104270860056
202,742.3691484827305,428.76584478543765
203,787.8985948815018,405.72095660183567
204,775.8383203626854,394.45476123903
205,762.426511942538,432.4347844584777
206,751.4332562886405,425.4563997939871
207,758.2703311785295,419.9112380221921
